9174
-1458
-1303
1188
-89
7125
-606
8009
-3175
-8058
1105
-7494
-476
-5064
5524
5556
2285
-3589
3969
567
-6539
-710
-2167
86
-1040
8482
-1073
3441
-3186
9702
8857
-292
-1756
1274
-5384
-8125
-1602
4011
-6396
5223
9674
4709
-8551
-803
-6635
-9306
-1526
5650
826
-7558
-62
4287
5454
7771
-5627
-5587
9973
7021
7854
507
6722
6710
-9785
-5035
1705
-1448
561
-9898
-3717
4165
9047
-322
2594
-9505
8875
5960
-5090
1069
5330
5737
7233
-1012
23
2686
-3242
8117
-9181
-3269
5137
8673
7238
1859
9103
-8827
-9456
807
3447
1106
4631
9730
-1009
7398
-593
-8415
-8387
2003
-8735
-3476
-3208
-9685
-7740
-2255
-696
6004
-5849
9783
4121
-5030
234
-743
-2637
1193
-5164
-3534
2366
-4619
-9007
-467
-9793
9345
2984
2919
6742
-3889
8225
8356
-8166
9490
-1400
-1373
-6474
860
-9908
2830
584
-5756
2612
-5296
-786
-7154
7683
6578
7760
-3761
-3236
3846
5341
1478
-6621
5548
823
6363
2188
1285
-7527
412
-360
-1971
-98
-8040
6656
7149
6541
6748
-22
-2875
-5288
-3690
1829
3927
2877
3232
4225
636
9472
-5291
-5518
4812
6187
-2139
4081
-2991
-2056
-3732
-7985
4138
6680
1655
-7834
302
3616
-7458
-2550
156
-6989
-8852
-8999
-2277
-2541
6552
-4630
-5944
-217
-6685
4693
2975
-1976
-7105
1508
-5789
4477
-4412
4941
-7580
5577
6956
-9722
5977
2332
-3834
-3721
-332
2429
7450
-6456
9161
-7681
-5454
-3116
3499
-8903
5975
7555
4601
9291
5968
-2424
1035
8863
9084
5246
3339
-1608
3908
9480
-6032
863
-6521
9945
-3085
-355
-56
6583
-4206
1115
-6152
-5045
3434
-1606
5560
653
3212
1534
-1793
-2188
4545
-5825
9109
-4420
-3242
8192
-5454
-9903
304
8454
-6703
4272
-683
-3224
7938
9953
-9859
1602
6536
-4064
-7284
-9617
4612
9871
2498
171
523
-4291
-8296
-7549
7242
9971
347
6351
-4450
7105
8263
96
-9078
2288
-1450
-5780
280
-8413
4717
-1783
-8461
8580
-6460
-8205
-1764
-23
-4101
-7153
-152
8397
3018
-5909
-2174
8443
263
-1211
8413
-9391
-1140
-2317
-8565
843
7780
-7643
-6870
50
298
3411
1637
-4985
-4652
6897
-6406
-1112
-7587
1830
8866
-1688
8398
2434
430
1415
-9755
-8024
3578
509
765
1991
4839
9625
-6606
6274
4189
-8827
8632
7319
4944
-1071
729
301
7665
6078
-2802
-5021
-1314
-389
-9471
1272
-8357
8927
-6295
2073
4062
-2328
7771
-2360
8181
-1465
-6649
6740
1881
-3255
3014
-3931
1640
5366
-6613
-3417
-1985
7838
6885
-4320
7636
-2197
659
42
-8866
1189
-8686
-7223
3836
-4981
8572
-2102
2691
6342
5538
4592
-1403
-7391
1332
-9523
-646
-1934
267
-5286
-6569
7376
1298
1446
5213
1903
-9154
6569
9706
5227
-3390
-9161
136
-2076
-2663
-6029
6665
-4092
1869
3076
-7751
1127
-2332
847
3736
-7280
5045
-3189
4507
-4688
1525
7938
-7313
-3457
3104
-8380
8446
3951
8189
-8129
2898
-1481
-7290
-6967
6444
48
-2996
6829
9677
-7406
-96
-8074
3721
-8708
6494
1178
-5988
1538
-8291
8519
-9430
6955
-9824
-6743
-6502
3281
-1402
-4336
952
-3214
-2464
-6151
5306
3967
-3118
5470
-5986
7607
2298
-6309
-9800
-7799
-662
7643
-6506
-4169
2541
1227
-8911
4250
3467
-8340
1204
7364
-1362
8423
4365
7237
-5913
-4684
-2257
5344
2886
-3231
-690
-6512
-4041
7046
-5184
8257
-5543
-4984
-5821
7516
-3621
1394
-2933
8920
-3659
-1844
6890
-6472
3537
1815
-9108
-4104
237
5257
-6868
8045
-5706
4596
3388
-9100
-4914
-3581
-5611
1045
-2815
-795
-698
1642
7942
7202
-843
-5679
-1405
6224
-3039
8657
-1900
-2428
-7815
-8363
9387
-6923
-2467
3344
-7946
4386
1389
-3652
2702
-1503
-2751
7788
8637
5359
-1167
-4179
-1716
-8145
-8817
-3775
9057
4061
4267
1372
4005
-5051
3749
-7895
2521
5934
-2537
5628
-7269
8717
-1029
-1493
6823
-5920
4855
-476
2578
-4176
-2688
4935
-5097
9866
-9244
3187
-8280
-4340
-6867
-5503
9722
7400
9590
3726
-3931
3338
9552
8590
2993
-2986
4217
9445
-549
-3091
-2049
-3727
989
-3473
9519
-6434
6072
551
-7778
-9025
416
-7022
7883
5857
2359
-8985
-5926
2080
-7864
-2616
-4194
-1795
-5558
-922
516
7435
6093
-1547
6880
-736
5362
-1449
5538
-3649
5078
5056
3638
1150
-673
5860
2125
9743
-7442
7
9320
4918
4744
-6607
718
6880
4498
-9756
-1195
8940
-677
9321
-9905
-4585
-2226
-9305
4679
-3144
-754
3937
6928
-5676
2713
566
5474
-7961
146
1319
-4498
6426
-4954
-5179
5064
9790
1935
-4219
-9611
-3568
-3974
-805
-4628
5349
2236
-4533
-5516
-6270
-3838
-7117
587
9129
6821
-2486
-6548
3254
-8200
-7354
5294
5668
7686
-5484
2093
-7268
-662
-2844
-3758
-8728
2937
353
1426
-7317
-6732
-9482
8032
5504
-4015
-7485
9235
5868
-880
3542
4996
-4060
-5224
-7831
-7086
-3423
-5185
-8072
-7756
-7499
-3555
8058
-1046
5783
-1066
8917
-9225
-8130
-731
5922
-5446
2537
6440
-3694
1762
-7576
2543
996
-7988
-8338
-5463
7009
1323
-687
9178
4237
9611
-2287
6166
-4425
3935
-7390
-2647
-3391
-7887
6287
-4474
-3391
8158
8516
-7469
-3568
4774
8971
2738
-3465
-4884
-999
-8749
-2872
663
-491
-2143
-8015
-7458
755
6223
-4126
8469
6109
1449
2403
8719
8803
9013
-5448
8810
-1741
1161
6967
495
3692
-2881
-4732
2663
-6422
5524
7779
2579
6775
-1373
-6758
4
6485
-1052
2547
-2761
-4830
8421
-4293
-8722
3590
-8169
-6283
6113
-5436
-1731
4923
6544
9431
5610
-2962
6843
-3550
2307
-495
28
1551
1004
-3673
2047
9632
3290
-7950
9837
-7762
8318
-2925
-2592
-9542
6504
2408
4049
-7945
9846
3882
-3381
-1885
2525
-6838
1266
-1865
200
-1892
8306
-3773
-8666
-1667
7779
6059
8381
-175
9411
1671
5596
9247
3909
3914
43
-4963
4372
-3454
-8835
2141
-1399
-8989
-256
8941
2847
-7732
-4177
-5888
4124
6023
5941
2429
-4029
-9005
-5518
-2530
7055
-7137
-8985
6465
4534
6611
9433
-1558
4245
-525
7200
2338
6021
8366
-5522
-1658
9377
7943
1003
2223
-9789
6826
-9945
8056
2848
9717
485
-7461
-9288
4967
9
-8513
-8450
1024
-8328
6084
1356
-8896
-1754
