3367
3433
365
1903
3910
3252
2066
669
98
2697
216
321
2061
1982
3467
614
854
3666
3999
3678
727
3776
196
99
708
120
1192
1226
431
718
813
3071
380
1603
2743
1417
811
2041
3360
214
2166
2071
2259
442
282
1453
1699
69
1839
1317
2356
1151
1365
1876
2818
523
2732
2092
1123
449
3368
62
2644
3962
2710
515
3333
3684
1404
3957
3636
2722
2456
678
3063
159
2214
861
2603
1097
3628
1983
1686
2723
3438
1353
3984
2031
158
1673
1052
2495
326
2054
131
3173
91
3072
3587
1605
2473
979
3659
620
751
455
2076
1054
3807
3358
3985
1720
2390
3702
713
1752
3186
2731
2783
972
3202
2068
2107
3161
1572
634
287
710
984
2830
3375
1972
1095
3172
1229
2385
150
3812
1722
2432
1474
2458
1976
2114
165
1058
1675
3813
75
94
2747
492
345
1966
2415
1298
784
3039
2677
428
2227
2919
3434
71
1934
1146
1081
3759
1328
70
3954
680
2147
1475
3676
3827
640
1721
2503
1818
2786
1520
3981
1120
1798
1462
1272
3517
74
3955
513
3035
1318
1500
1070
2190
1938
3462
2850
1463
78
1892
804
1670
546
1650
2658
2904
3673
786
130
1482
3404
531
1077
3652
1377
1338
2228
2831
2502
2991
1220
3777
3907
1974
1774
1491
1017
2022
3632
591
2945
490
1953
2993
1293
246
2513
3708
2276
2396
443
3218
52
3641
3900
3345
495
85
3440
1654
2496
1918
2296
2572
3844
1056
232
3454
2376
1519
3950
832
1794
267
1891
292
3897
1348
2037
103
1039
3665
956
3376
3617
153
3396
846
3753
578
3943
3439
1194
3299
463
1634
2595
2109
2033
892
21
3265
903
23
1949
2636
3540
3719
749
1395
2782
3013
2987
2440
403
3505
1156
3859
600
2017
1078
3306
2342
2337
2609
1037
215
3720
3789
3465
1787
659
1296
842
2862
1543
596
245
3710
1214
1513
134
3996
3135
2003
1529
1743
2483
2383
1659
525
1763
286
624
2437
3966
327
3443
496
2079
1038
2404
2607
626
1269
45
1551
871
3126
373
1160
2438
2691
2125
1963
1508
2134
900
140
1205
1593
2646
1952
2030
2951
2055
3062
3060
409
500
2452
3048
2973
1211
1978
823
2764
2600
3888
3483
831
677
1170
3891
77
577
880
949
3184
3240
2942
1607
3309
57
59
119
197
1853
2187
1027
1769
957
1190
1421
1602
803
3448
1941
3567
683
3737
1726
2956
3079
2601
2769
3791
584
2466
3895
563
3384
1332
80
3509
1127
2265
931
2350
3501
2406
1075
3575
2969
2115
1297
2730
2384
1553
3511
341
691
2727
1397
2719
1352
3045
3729
1525
1994
1644
1149
3198
1490
3260
1283
3463
307
106
2556
2043
1901
1789
3598
3923
3704
1025
1372
3581
3165
1810
2450
3898
2537
2278
3651
552
466
2696
2155
2467
1772
3584
2331
2899
1632
2085
3498
2226
3272
2019
1060
2611
2212
2365
3128
851
594
1418
1231
1786
1524
1480
1241
554
2448
994
1506
493
2872
1381
2833
3535
3301
3885
114
163
1045
3612
2551
3861
3140
3254
2461
3769
1821
1180
2866
3270
1044
2323
2431
1163
206
2210
1144
2922
1617
117
1450
923
810
1968
3119
240
2463
1684
47
1218
1664
2555
1428
3799
1370
1577
224
2120
1334
3631
936
3609
2171
3553
2349
1158
3762
1139
3005
2674
3599
1766
3619
3603
2538
528
319
2225
334
1878
1685
3975
88
386
115
2148
3546
3936
3206
48
2619
579
2273
2954
1029
2180
2027
2084
1558
714
1944
1376
2642
2516
2620
149
3199
474
2501
3606
1874
289
384
1825
434
3497
1663
1059
2207
3561
3730
2266
1932
1861
3538
408
792
2826
1669
1248
1750
655
379
3602
254
1246
2760
124
1088
912
619
1587
3322
2877
83
3933
378
3352
2851
967
3874
783
3640
3723
3004
3742
3158
3949
1364
90
226
3970
2794
819
3573
2195
2785
737
350
441
2324
1270
227
2499
2591
838
1427
1534
3646
1884
1504
2523
1627
1595
3385
2865
2024
1286
2578
755
375
1228
233
875
2617
2153
2540
939
200
2526
2980
188
1642
3928
754
427
910
3124
1464
2360
8
3318
3937
349
1560
3038
3758
3913
1813
1822
670
2714
3064
2237
3059
2929
3680
2976
2464
889
1050
1561
2891
3908
3027
2528
1658
1895
566
1731
1281
3845
3796
1109
1674
129
3193
64
2593
2103
3834
2433
3365
1858
337
1913
544
1455
2647
2133
3216
1456
622
3245
2444
2886
2549
987
970
1424
3574
664
1840
3134
2615
2810
692
576
364
2881
3826
2684
518
3916
3560
3315
2224
1539
11
3317
3667
1400
2997
374
2778
2158
1041
3282
359
1329
3041
2078
3426
3442
230
776
3286
2800
1925
3332
3147
1915
3533
1512
1292
437
1183
711
3715
2479
3654
2
1457
2229
2641
2239
3649
3755
3118
1351
390
3819
1471
929
3284
2735
1252
3843
726
3947
2077
453
3268
1366
3571
1933
1776
3491
3979
2838
3428
2864
2583
2244
2812
16
139
2205
1823
2234
1125
3403
618
2755
2949
2060
2186
1494
3814
415
2698
154
913
1852
3668
2657
447
3082
137
3324
506
2001
3207
3085
3214
3162
1423
2294
1870
2269
1723
178
662
1023
731
2364
3945
2884
1767
407
2238
3213
3287
217
696
3089
3281
202
2754
225
1333
189
2036
2478
2253
3020
3220
288
1516
125
2245
1946
1622
451
186
3605
3144
2917
1232
3494
1498
2529
2080
3223
488
707
1142
3076
3366
2129
2118
2051
2488
3112
1204
13
1942
3084
1438
2534
1314
605
3545
2291
2587
975
3577
1616
2049
3078
858
1860
1330
2283
3922
551
1092
3086
347
2531
2527
843
3782
308
3670
3972
681
762
1484
1399
1630
1392
180
3911
3170
3700
1626
1379
508
3248
2138
2964
3122
865
136
876
924
2322
671
2701
744
891
3527
2106
2506
483
2290
878
1808
332
1167
3718
323
2429
2613
187
953
167
2911
3243
3871
1936
1324
1628
2369
1815
746
2050
1249
1680
588
2300
3499
934
1814
2179
3025
1668
1559
3887
920
1277
3053
2944
1816
259
1834
701
535
2240
2277
2816
932
339
3825
3264
3965
1035
2624
2908
1072
582
1335
2143
2752
1612
1166
2996
1210
204
3624
3479
1533
3445
1889
1697
3986
581
3528
3249
1967
2482
2304
3766
2070
2048
1013
2211
2564
3377
3180
1542
1448
2704
902
387
1527
2057
3419
543
2203
1258
2977
1002
1391
24
1236
3058
2113
34
2718
3969
3354
1255
3741
1387
1850
1165
894
3100
1200
2742
1549
1481
2403
2249
58
302
1468
2468
142
1153
82
2460
1305
2091
1422
2948
3988
1885
3175
3607
3125
1339
132
2517
740
2346
3191
3422
65
3716
2662
1985
3196
3848
1824
1223
2209
1012
3569
982
1469
280
1485
344
1074
3767
558
460
1307
2639
3285
1087
2020
219
2391
1661
138
2770
2968
3856
2386
3330
3959
724
944
1857
1402
1811
3028
2894
844
2215
2581
285
2834
2745
3585
2247
1105
2485
1046
3713
3808
3764
2960
885
1505
1548
1535
3043
857
3321
1267
2638
2989
791
877
916
2307
1995
565
2532
3103
2379
295
3990
3875
700
3007
3227
2177
1639
2135
960
1569
247
947
2275
2940
3706
2567
1413
1624
610
1152
836
3803
864
3390
2062
116
3382
2819
1732
3647
1326
2340
1345
2196
1263
2797
1173
2546
866
2824
35
366
3121
767
2614
1748
2443
3788
2382
2248
2602
252
1473
177
1753
1762
3342
3594
2573
925
3477
2804
2933
3529
1562
1904
3294
3914
1671
3406
2907
1835
3253
2590
1820
3781
2261
2584
3906
2069
3069
2271
1564
549
2616
628
1706
730
1076
1162
3231
781
2345
2707
210
3961
1067
3115
828
542
1831
2946
1341
1005
2693
241
1741
2387
1016
2878
3154
1359
3756
3444
3818
978
1186
2955
3739
2423
2589
2943
2136
2413
1234
336
1597
1523
2421
2236
787
3106
833
2264
585
841
2075
3974
2412
2439
122
2321
3261
274
2500
3244
2713
2052
1879
1606
1454
3512
2664
547
1734
44
879
155
2931
2034
2372
2571
682
959
3394
2416
2637
2441
3675
958
1121
3882
429
1251
108
4
1201
1191
3239
3828
1604
2081
3805
3157
1911
444
2200
1698
2363
1712
1707
3447
789
2544
3150
1621
448
1157
2855
2958
3398
2668
235
2729
530
1643
1845
1094
2669
2368
1213
2058
2320
3204
3795
753
1652
1426
1320
3343
2598
1271
1164
839
1592
1193
1807
3522
2903
2757
2610
2935
450
3280
3738
2539
1101
3596
853
1447
2844
914
2823
3835
1873
2552
3724
3615
1631
627
904
147
3068
2006
1960
46
1049
2400
2857
2840
3582
3768
1403
2651
2162
2305
2274
3549
3353
3194
2671
2883
1043
3980
607
2837
2121
181
2890
1578
3341
3313
1259
1343
830
182
641
1573
1902
256
2759
1073
73
1327
1547
1709
2442
1459
425
2173
2293
3526
782
859
2716
3591
1666
1888
2313
2629
3019
3490
205
881
3682
2666
420
1014
2038
1620
3164
1451
3953
3500
2902
1528
954
400
1262
1694
1571
2201
2928
3431
3773
667
1068
296
1222
1274
3655
477
1637
3523
1672
3145
3441
3771
2790
3471
2481
3018
1040
2216
758
249
2554
218
1362
2998
3292
1695
1245
1026
1143
2563
2820
848
2317
2375
3481
555
3661
1053
3319
473
3276
3003
320
2122
3075
242
2521
462
1567
3482
1476
3873
2110
3486
171
2842
1042
3735
1483
395
3097
3359
1910
974
3171
467
1701
1588
3621
3978
850
847
1711
426
2913
3579
3798
3415
1882
1287
86
265
2445
1331
3851
1279
539
2570
37
476
1759
2374
376
2230
1996
2352
1240
1363
294
1907
1550
687
3425
1929
3842
3765
3503
741
1130
1230
1580
3657
3047
2010
1764
3696
1920
1943
3179
38
3310
435
2588
2480
439
2728
2232
3054
193
328
2808
612
2599
3153
897
1132
3387
3551
2007
3860
92
2708
3489
3530
1998
3763
486
1623
2543
123
702
184
2982
2597
3251
3931
2174
3804
3797
801
1503
2505
1020
3167
698
3211
2535
2208
3139
1299
704
860
742
550
1751
1940
105
174
592
1419
3379
436
3847
3894
2876
3436
2325
1775
3578
266
1777
2046
757
335
1800
778
1435
1148
1134
2409
3757
852
2846
2703
3921
3057
3014
3031
3593
2353
369
1770
1778
1837
111
3212
1950
2355
3466
771
1931
1047
1530
3783
430
1727
113
503
2434
922
472
3870
2459
3983
458
1312
2185
1007
2938
2559
1544
2688
1349
2402
933
2477
2407
637
2512
2695
505
1986
1470
3136
2787
3858
1598
3101
3149
3155
278
2194
2168
479
417
1667
1970
665
2859
1619
1554
1227
1147
2814
545
2515
3094
36
1106
1028
3785
3865
1691
3745
2927
3473
1278
1842
1316
2326
3423
756
2621
1115
1792
752
697
3679
469
3093
1716
2082
1346
3721
2454
305
3779
3372
2645
1782
3190
1034
3420
3092
1511
992
1590
3784
3340
306
2422
3695
3899
2221
2805
372
3411
3639
2596
3002
1388
557
2008
499
1336
2151
969
1801
631
2627
1466
1001
1373
3629
1189
2013
28
2604
1342
1887
2089
363
43
2791
2222
3081
675
3880
2906
3633
3909
2045
1385
2821
222
2582
3296
908
507
3334
40
743
2848
2734
1319
1011
1651
2130
2124
3740
2923
690
100
537
3830
3521
2160
148
3889
3919
394
1169
693
2981
3166
2191
1021
212
943
3182
3691
383
3653
3544
1154
1199
1195
482
2002
1990
1886
719
712
3963
169
1836
203
3627
2497
353
2231
1851
2753
1649
223
3622
3183
2795
3824
3307
534
1479
3120
2341
911
1557
780
3896
674
3233
3040
3242
1847
3838
874
2119
424
3412
2197
909
2749
3541
56
1947
3109
471
475
3601
3611
1729
705
3534
569
342
2608
1407
2941
1899
2920
1704
3543
3148
3717
3192
2709
3794
2100
3672
3904
1848
3496
1863
3520
2164
55
3550
3378
3348
1629
2498
1133
653
3831
2675
63
3430
1969
3386
1344
299
2841
1988
2223
800
2344
2288
3484
1112
2156
1239
2262
465
255
3389
2882
2880
3347
2705
2098
1981
248
179
3023
1784
3371
1662
1921
2815
1656
2005
2015
2281
1390
2272
2700
2295
3958
3163
3323
834
3279
423
3117
888
3951
3507
1425
2126
3446
2394
3241
1692
3478
2978
1742
1405
3016
747
3424
3224
1991
2873
2874
1531
1608
2410
2827
1928
3229
79
1610
3010
1517
3228
2327
694
999
1855
3030
1197
3273
2086
3562
2635
413
3832
856
796
1641
1436
3457
639
2514
1896
14
661
1304
2336
1681
728
2059
575
1552
589
3331
3146
990
1693
3127
331
3256
1648
2828
3469
1736
2910
485
199
3902
3946
603
1948
3226
2316
1581
3918
362
3694
3337
722
1208
964
1091
3635
795
1582
414
736
1409
632
1310
3821
2373
2630
3850
3515
3846
2347
3853
277
19
2492
3506
927
2887
2768
1254
568
2975
1665
1806
3022
2064
2895
2995
2149
3087
160
1809
3357
884
1084
291
2128
775
2925
1973
1290
1518
3427
2536
315
1984
2311
824
770
2471
3480
1323
3070
1008
406
338
3539
893
1515
3200
3083
3328
3588
3510
3074
3516
2909
1015
3461
3380
1532
3344
1219
333
484
1261
1796
3116
1585
2892
1916
608
2425
629
1773
2661
2011
808
1006
3548
1657
3314
3395
346
2888
3107
67
128
1566
1805
268
2957
207
3225
1010
2486
794
1987
514
2832
3410
1497
3209
2154
1472
3455
937
1493
2784
1962
660
3614
2490
1198
2260
1009
3221
2631
1306
2541
2393
3576
238
1971
611
1869
234
2484
2533
3000
1111
3405
1019
133
1829
918
3475
3132
1396
2418
1103
3518
269
3823
1935
2366
821
2491
2939
2453
3208
790
3297
3964
2801
2558
2378
1725
825
3866
1615
906
2776
2990
868
388
3129
1257
50
2576
1433
2809
3137
3298
901
1846
1793
385
3326
1124
1959
2829
3973
1467
1393
738
2548
1574
3752
1660
264
2343
1102
61
3625
2095
2025
2123
2845
446
3275
955
1635
3674
3141
895
152
3407
1700
271
1090
251
816
1760
2371
3658
1429
2348
1703
652
1354
1212
3816
2577
244
1430
416
2643
2099
2170
1894
1676
2952
3793
2733
1437
1082
3751
3660
2737
145
2854
1289
995
1647
553
1159
1209
2083
785
2172
1708
1280
1495
2204
2924
2044
3967
1401
2900
2330
1795
2861
2303
1256
2653
3373
3566
1461
2717
1313
872
1957
3683
636
1083
735
2193
1739
3901
2511
764
2634
997
3159
2220
2863
2965
3160
3748
2430
2181
1917
3205
1367
898
3474
2781
102
1131
1817
1747
2301
2256
3801
2329
3616
1859
3849
3
3930
1089
2475
3879
948
2392
298
2140
717
2455
3247
3775
3513
3188
2510
2860
3712
2032
1294
157
1877
512
2780
750
2670
2937
3927
297
1107
1110
3046
352
2803
393
110
401
3316
1444
942
1136
237
1032
2918
2856
1371
2687
520
283
317
7
1288
209
3392
2408
3559
1951
1265
2354
1956
1690
2692
2699
2926
672
2457
645
31
548
3589
3320
3416
419
1799
2183
2285
2339
899
2789
3090
2748
797
1117
561
2550
1563
1486
2557
1340
2519
788
3728
3890
3971
1771
3547
1856
304
1833
3383
2472
151
2487
867
1761
3892
3210
3514
779
777
930
20
774
303
1411
301
2258
330
2897
3761
3302
432
314
3374
3459
3114
3564
1724
3362
1184
1979
3351
3123
1452
2569
361
213
2618
638
2750
2233
3274
1024
1337
1640
590
587
351
973
377
2774
3051
3169
3626
1420
695
709
2893
1315
109
3595
1583
1802
1702
3555
3811
2335
3698
2966
1696
1487
26
309
3303
1718
356
793
2299
2777
3854
1253
1737
39
2843
126
118
231
3938
845
725
3099
1273
1369
2659
2338
679
3181
1276
2870
42
3809
668
723
324
806
3091
2509
402
3699
2419
1030
1224
96
2970
3886
10
3067
2297
1867
1964
3663
657
2315
2380
2414
3580
915
1864
3840
107
2798
1908
1000
3033
3361
2252
3488
2706
3774
3743
1510
3531
3470
3338
313
1893
3304
1609
2930
2858
2420
2287
2605
2009
270
2967
2351
532
494
2308
2530
1955
3327
2612
2822
2813
606
2807
1586
685
663
2788
76
3104
981
1247
837
1410
3829
3255
2685
1380
2028
509
2736
1138
1207
2132
1536
3187
1755
2525
3688
1355
1441
312
541
3644
228
1768
818
1717
3453
371
17
3300
1202
1997
2817
198
2592
318
433
392
2334
1203
1900
2333
870
104
1022
1601
907
1155
1975
3346
2586
890
1980
2836
3456
1446
3133
849
3731
3262
2681
367
2916
3998
1812
684
3036
1758
1526
1238
3857
2585
2217
3722
29
2251
418
53
273
862
3095
511
3073
1843
3760
1051
3267
3778
1803
3697
3934
121
2152
1375
3037
3556
3952
1374
3174
1196
580
220
1137
2648
3994
3703
602
2686
1914
649
3557
3693
3283
2213
650
1584
357
625
1687
1677
1719
3021
996
3810
1445
1688
1360
2357
2257
1178
1689
3929
2104
2093
3883
2399
1442
3110
2580
498
2476
1905
732
3502
9
1849
422
1653
1477
3325
1926
1740
358
595
2739
3185
3098
66
651
3558
3381
2632
1819
1118
1416
3687
1264
1555
1100
3311
2660
2270
1119
239
3565
2417
3770
3246
976
1085
3485
95
1954
961
2936
2358
2428
2622
3024
2673
3982
3956
887
3677
2401
1018
3709
22
211
3924
3308
1678
1104
1384
1746
2047
1004
3836
2199
2094
2318
1099
1063
3050
2023
1614
820
3234
921
2867
3662
3131
2192
2724
1086
276
729
325
950
812
3077
2947
1098
1633
2715
2105
1522
3656
1383
3080
1576
2263
2959
3935
946
2889
1394
2504
3238
2150
809
1881
3692
2654
621
2000
2680
2087
1135
2765
1898
1439
1295
1440
802
3288
613
3236
33
3948
2672
1378
1783
144
863
538
3960
3278
2462
3009
1141
3620
573
3586
3608
989
2254
1599
1079
487
1181
840
988
3237
261
464
2574
3006
2983
32
2012
1215
3460
370
3230
3263
2165
643
3642
521
3524
2377
3222
3029
1501
2250
3055
3219
540
3435
1679
1733
562
3869
2040
6
456
1715
2004
3645
2879
3258
2628
2507
391
2773
300
2656
1113
3008
951
510
3266
3532
3638
3355
1496
3833
2852
3604
3015
3418
15
1414
1443
597
397
1389
1122
2985
3156
2016
998
1871
2678
2246
2218
3992
1600
658
1129
2398
1478
968
1683
2667
3726
2395
293
3408
2689
3917
3414
1161
2268
1756
176
2950
2111
3495
440
2159
1790
559
3618
1854
127
2188
2309
829
89
1710
3877
481
635
1730
1069
1841
1682
2332
2775
1398
3711
656
2206
3634
630
489
1499
886
2279
2474
229
2682
1275
3130
3815
1958
3997
191
1868
3537
1844
411
3597
3554
2905
164
3096
3363
2359
1065
3291
2096
2175
275
2289
1872
2435
2302
2962
2035
1945
869
654
1031
2067
2721
2633
522
2802
343
2652
1216
873
2972
3734
3195
648
617
3820
2242
504
2623
3289
412
2182
1883
1321
919
1382
2427
2520
2758
3449
3350
1875
3269
571
2565
3397
1832
452
527
2542
1066
1268
18
1880
3867
3257
1093
1057
1625
87
609
965
459
2575
2139
572
1285
340
1909
2663
2761
101
2725
1175
1568
3689
1645
1556
2074
1507
3335
143
3987
25
2683
262
1171
3925
1266
3452
257
2145
2424
2566
623
896
1866
2849
1206
768
68
3421
3215
3868
2446
1596
689
983
1003
3878
2362
1646
601
1781
1361
399
2901
3714
3369
2127
1358
208
2146
3841
3568
1309
3138
2141
3176
2547
354
799
3707
2665
1458
3492
2974
3042
977
3893
1033
2868
263
272
389
1521
993
855
2650
2979
2451
49
1386
2039
3508
1233
1537
2169
2738
985
1930
1570
2934
2640
3989
3271
1618
60
2494
3493
141
1999
3750
3864
3806
1780
2489
2405
1300
2021
3977
1923
2712
760
260
3542
2370
502
1804
3912
3217
461
941
381
1357
3630
2397
2056
2072
2073
905
1303
54
3727
3744
1460
2806
258
3034
2921
2847
3388
2312
1432
2298
3088
1826
2984
2411
3044
2553
2649
491
195
243
236
798
2767
173
3942
1545
1096
686
769
3926
3049
570
616
250
3855
1611
382
348
410
2426
3277
1757
3295
642
2280
1179
2167
2163
3610
3143
3450
2626
2282
2914
2751
2740
1243
1992
745
2267
720
3105
1071
172
3852
2676
84
971
1655
3968
396
1217
2988
2101
3903
586
3032
1594
2235
917
3590
646
748
3536
51
2594
3592
519
529
3232
3391
2029
2720
501
3402
536
2792
1237
316
1302
2545
2243
3235
135
1636
1939
3563
2189
445
633
3725
3884
1347
1116
3772
360
3201
2655
2314
1565
3648
598
1408
1838
2102
183
1235
3113
3881
1128
3066
706
1225
676
1797
290
2465
1785
1613
1291
41
2524
1185
3432
3437
1176
3305
3939
1064
3944
1036
3837
2117
3290
644
2963
759
1546
1906
3413
2560
1591
2088
2198
2999
1325
1589
3787
3056
739
1048
1890
1145
146
1
1965
2053
421
355
1284
763
526
882
3151
3623
1961
2726
2014
221
1791
3370
2915
3472
3839
2779
2116
817
2042
3293
156
3356
1924
2871
805
3142
2835
1862
1713
3780
3800
3993
1502
1828
2579
1282
761
583
647
2063
3349
2799
3862
1126
1912
3451
1538
2744
2202
3991
2992
3393
470
2518
564
666
1927
1177
3920
524
3690
329
322
185
3487
2157
3733
457
175
2522
3168
2108
3476
3664
673
368
3458
2219
1765
3111
3312
2018
404
1311
1745
2144
1779
112
1168
279
826
201
1749
311
3409
405
1989
3026
1575
2971
1406
284
938
2793
3705
991
1114
2702
1301
253
2310
604
3189
2388
1187
1897
3701
1738
2606
3052
3011
2898
1140
2825
2762
2436
162
1977
1638
2994
72
468
1919
3017
3336
962
556
3822
1744
3504
2097
733
3790
2026
574
168
194
1108
3065
1182
3786
454
1922
699
438
81
516
2885
3525
2741
1705
734
2449
2932
0
2361
2839
3552
1830
2772
3061
3905
2161
3915
815
1754
3399
2796
3732
1488
3178
928
2286
190
980
1415
1489
1174
1788
1492
3468
3749
827
1509
2690
3685
3872
3802
517
935
1150
2306
3976
688
1728
2137
398
772
3429
1062
1055
170
2568
1260
1221
3686
2090
3863
2176
2562
567
3643
2319
1431
5
1061
883
2811
822
497
952
1322
97
3570
1993
599
945
2328
3876
1449
3995
2367
3001
615
3250
1172
1244
966
3108
3681
3364
2679
3941
3747
2389
3817
3669
814
1412
593
3012
1514
716
3572
1937
478
2447
3671
2912
3329
3203
2470
3650
2756
3754
3519
1465
721
3152
2766
93
3792
2469
1250
2131
3197
1541
2746
3259
2763
2284
3417
12
926
1540
835
3339
2625
560
1579
1080
2241
1714
2986
766
166
940
1308
2178
2953
1735
2961
310
3746
1242
1356
1188
1827
30
2875
3940
1368
773
3613
3102
3583
3401
2869
2142
3177
27
2561
715
161
2853
2112
986
2711
3400
2493
1350
1434
3932
2065
533
2508
2255
2184
3600
2771
1865
2292
963
2694
3464
2381
3736
480
192
703
807
281
3637
765
2896
10000
10001
10002
10003
10004
10005
10006
10007
10008
10009
10010
10011
10012
10013
10014
10015
10016
10017
10018
10019
10020
10021
10022
10023
10024
10025
10026
10027
10028
10029
10030
10031
10032
10033
10034
10035
10036
10037
10038
10039
10040
10041
10042
10043
10044
10045
10046
10047
10048
10049
10050
10051
10052
10053
10054
10055
10056
10057
10058
10059
10060
10061
10062
10063
10064
10065
10066
10067
10068
10069
10070
10071
10072
10073
10074
10075
10076
10077
10078
10079
10080
10081
10082
10083
10084
10085
10086
10087
10088
10089
10090
10091
10092
10093
10094
10095
10096
10097
10098
10099
10100
10101
10102
10103
10104
10105
10106
10107
10108
10109
10110
10111
10112
10113
10114
10115
10116
10117
10118
10119
10120
10121
10122
10123
10124
10125
10126
10127
10128
10129
10130
10131
10132
10133
10134
10135
10136
10137
10138
10139
10140
10141
10142
10143
10144
10145
10146
10147
10148
10149
10150
10151
10152
10153
10154
10155
10156
10157
10158
10159
10160
10161
10162
10163
10164
10165
10166
10167
10168
10169
10170
10171
10172
10173
10174
10175
10176
10177
10178
10179
10180
10181
10182
10183
10184
10185
10186
10187
10188
10189
10190
10191
10192
10193
10194
10195
10196
10197
10198
10199
10200
10201
10202
10203
10204
10205
10206
10207
10208
10209
10210
10211
10212
10213
10214
10215
10216
10217
10218
10219
10220
10221
10222
10223
10224
10225
10226
10227
10228
10229
10230
10231
10232
10233
10234
10235
10236
10237
10238
10239
10240
10241
10242
10243
10244
10245
10246
10247
10248
10249
10250
10251
10252
10253
10254
10255
10256
10257
10258
10259
10260
10261
10262
10263
10264
10265
10266
10267
10268
10269
10270
10271
10272
10273
10274
10275
10276
10277
10278
10279
10280
10281
10282
10283
10284
10285
10286
10287
10288
10289
10290
10291
10292
10293
10294
10295
10296
10297
10298
10299
10300
10301
10302
10303
10304
10305
10306
10307
10308
10309
10310
10311
10312
10313
10314
10315
10316
10317
10318
10319
10320
10321
10322
10323
10324
10325
10326
10327
10328
10329
10330
10331
10332
10333
10334
10335
10336
10337
10338
10339
10340
10341
10342
10343
10344
10345
10346
10347
10348
10349
10350
10351
10352
10353
10354
10355
10356
10357
10358
10359
10360
10361
10362
10363
10364
10365
10366
10367
10368
10369
10370
10371
10372
10373
10374
10375
10376
10377
10378
10379
10380
10381
10382
10383
10384
10385
10386
10387
10388
10389
10390
10391
10392
10393
10394
10395
10396
10397
10398
10399
10400
10401
10402
10403
10404
10405
10406
10407
10408
10409
10410
10411
10412
10413
10414
10415
10416
10417
10418
10419
10420
10421
10422
10423
10424
10425
10426
10427
10428
10429
10430
10431
10432
10433
10434
10435
10436
10437
10438
10439
10440
10441
10442
10443
10444
10445
10446
10447
10448
10449
10450
10451
10452
10453
10454
10455
10456
10457
10458
10459
10460
10461
10462
10463
10464
10465
10466
10467
10468
10469
10470
10471
10472
10473
10474
10475
10476
10477
10478
10479
10480
10481
10482
10483
10484
10485
10486
10487
10488
10489
10490
10491
10492
10493
10494
10495
10496
10497
10498
10499
10500
10501
10502
10503
10504
10505
10506
10507
10508
10509
10510
10511
10512
10513
10514
10515
10516
10517
10518
10519
10520
10521
10522
10523
10524
10525
10526
10527
10528
10529
10530
10531
10532
10533
10534
10535
10536
10537
10538
10539
10540
10541
10542
10543
10544
10545
10546
10547
10548
10549
10550
10551
10552
10553
10554
10555
10556
10557
10558
10559
10560
10561
10562
10563
10564
10565
10566
10567
10568
10569
10570
10571
10572
10573
10574
10575
10576
10577
10578
10579
10580
10581
10582
10583
10584
10585
10586
10587
10588
10589
10590
10591
10592
10593
10594
10595
10596
10597
10598
10599
10600
10601
10602
10603
10604
10605
10606
10607
10608
10609
10610
10611
10612
10613
10614
10615
10616
10617
10618
10619
10620
10621
10622
10623
10624
10625
10626
10627
10628
10629
10630
10631
10632
10633
10634
10635
10636
10637
10638
10639
10640
10641
10642
10643
10644
10645
10646
10647
10648
10649
10650
10651
10652
10653
10654
10655
10656
10657
10658
10659
10660
10661
10662
10663
10664
10665
10666
10667
10668
10669
10670
10671
10672
10673
10674
10675
10676
10677
10678
10679
10680
10681
10682
10683
10684
10685
10686
10687
10688
10689
10690
10691
10692
10693
10694
10695
10696
10697
10698
10699
10700
10701
10702
10703
10704
10705
10706
10707
10708
10709
10710
10711
10712
10713
10714
10715
10716
10717
10718
10719
10720
10721
10722
10723
10724
10725
10726
10727
10728
10729
10730
10731
10732
10733
10734
10735
10736
10737
10738
10739
10740
10741
10742
10743
10744
10745
10746
10747
10748
10749
10750
10751
10752
10753
10754
10755
10756
10757
10758
10759
10760
10761
10762
10763
10764
10765
10766
10767
10768
10769
10770
10771
10772
10773
10774
10775
10776
10777
10778
10779
10780
10781
10782
10783
10784
10785
10786
10787
10788
10789
10790
10791
10792
10793
10794
10795
10796
10797
10798
10799
10800
10801
10802
10803
10804
10805
10806
10807
10808
10809
10810
10811
10812
10813
10814
10815
10816
10817
10818
10819
10820
10821
10822
10823
10824
10825
10826
10827
10828
10829
10830
10831
10832
10833
10834
10835
10836
10837
10838
10839
10840
10841
10842
10843
10844
10845
10846
10847
10848
10849
10850
10851
10852
10853
10854
10855
10856
10857
10858
10859
10860
10861
10862
10863
10864
10865
10866
10867
10868
10869
10870
10871
10872
10873
10874
10875
10876
10877
10878
10879
10880
10881
10882
10883
10884
10885
10886
10887
10888
10889
10890
10891
10892
10893
10894
10895
10896
10897
10898
10899
10900
10901
10902
10903
10904
10905
10906
10907
10908
10909
10910
10911
10912
10913
10914
10915
10916
10917
10918
10919
10920
10921
10922
10923
10924
10925
10926
10927
10928
10929
10930
10931
10932
10933
10934
10935
10936
10937
10938
10939
10940
10941
10942
10943
10944
10945
10946
10947
10948
10949
10950
10951
10952
10953
10954
10955
10956
10957
10958
10959
10960
10961
10962
10963
10964
10965
10966
10967
10968
10969
10970
10971
10972
10973
10974
10975
10976
10977
10978
10979
10980
10981
10982
10983
10984
10985
10986
10987
10988
10989
10990
10991
10992
10993
10994
10995
10996
10997
10998
10999
14713
14030
11399
14650
14929
12950
11387
12538
11113
14817
12002
11189
13040
12616
11496
11958
14527
14292
14653
11665
14785
11004
11178
13231
12954
12988
11430
11091
11138
14690
12940
12953
14712
11610
12010
13959
11994
11954
14849
11767
12318
11827
12685
14104
11902
13180
13170
12334
14176
14880
12968
11407
12447
11349
14259
12116
11358
11774
13732
14318
14420
14685
11424
13542
13612
13900
14386
12963
12883
14123
12376
14857
14969
14138
14720
11621
13886
12132
13029
12925
12520
14120
14232
13052
12860
14848
13011
12284
13951
11580
13795
14572
14467
14187
11721
12707
14911
13327
11716
12770
11949
13329
11845
13909
13341
13436
11169
13822
14680
14194
14772
13386
12290
13824
13135
14290
11644
13000
11666
14080
11462
12107
13567
14163
13432
13933
13079
11660
12933
11812
13668
12193
14216
14861
11982
13225
13586
14764
13134
11036
12020
14972
11938
12238
12746
14865
11826
11891
13511
11974
14108
12355
11109
14185
13768
13423
12207
13187
14934
14651
11090
14955
11408
12382
11851
12383
12440
12317
14045
12407
12596
11899
11640
13022
11191
12381
12043
14890
11508
13441
12139
11204
12216
12448
13088
13998
14189
14582
11406
12288
11411
13852
13555
12345
11334
13409
13793
12227
11679
13601
13287
12562
11811
11106
14581
14157
14474
12858
11052
11849
12397
14119
12526
11800
14941
14415
11223
11218
14024
13573
12610
12863
11627
14128
14451
11740
11354
12154
12824
14740
13047
14323
14434
11003
11080
13507
12831
11635
12121
13007
11433
11748
11686
14878
11066
14881
12373
12135
11541
14705
14597
12246
11521
11895
12891
12037
11229
11355
13345
12984
14249
11817
11322
12568
14995
12072
13463
14340
13169
12941
13801
12140
11755
13504
14321
14229
13291
11764
11159
11162
12005
12540
14172
11682
12712
13982
11202
14277
12047
11802
13037
12585
11446
11366
12986
11869
11484
14486
13196
13946
12839
14202
11161
12208
13177
13010
11981
14362
12892
14416
11966
13050
13956
13424
13212
11482
14022
12392
13667
11300
12705
12264
14891
11010
11813
13966
12961
11537
13818
12506
12360
13869
12991
11306
11573
12570
11231
11464
13548
11474
11340
14441
14701
14461
12158
12272
14241
13779
12563
12534
11230
11458
11922
14370
14268
12396
14075
11881
14763
12472
12635
13467
13413
14946
12069
13457
11415
12337
12848
13729
13707
11377
14976
13020
14324
12738
11402
11182
14600
12691
13544
13794
13560
12120
11067
11498
13581
11429
13996
12826
12126
14953
12735
12590
13918
12122
12552
13672
12046
11385
12758
14381
13272
14296
12633
12015
11249
11180
11335
12372
11243
13924
14672
13915
14928
12550
14079
14975
13043
12435
14011
11535
14260
11715
13425
14604
13896
12065
13636
13615
12079
12606
13677
11308
11843
14368
14494
11935
14425
14360
11511
12577
14243
14508
14616
12389
12455
11854
12206
12774
12159
14121
11037
14515
12818
14431
11150
11526
11028
12171
14143
14872
11118
14018
12855
11205
11634
14096
13452
11417
14846
12032
13268
14118
12165
14829
14913
11636
13578
14098
14840
12053
12243
12445
14142
12416
11226
12865
13509
12546
13157
13714
14856
14540
11986
11256
11383
12794
11353
14269
12113
11549
13128
13617
13630
12868
14930
11011
13127
11769
12882
12147
11978
12733
11959
12693
13827
13446
11626
11370
13497
12931
13848
13528
14675
13791
13505
14464
11613
11293
11609
14855
12039
12716
13202
14568
12111
11177
11727
13362
14449
14267
13543
13335
12233
11598
13512
11350
11088
13275
14355
11948
14526
14089
14127
11909
14830
11875
13218
12642
11206
12911
14152
12190
11324
11047
11841
14016
12536
12281
12844
13917
14411
13093
11436
12292
13061
13828
14102
13184
12033
11179
14238
12710
11925
11133
13748
11569
11780
13783
13072
12786
12110
13438
14130
12289
14709
12628
13382
13553
13687
12867
11351
11597
11195
13428
14637
11319
13757
13832
11592
12569
14440
14951
14489
12256
14550
12675
11158
12323
11581
13288
14495
13894
12251
11804
13800
13616
12695
12254
12469
11101
14144
12425
14726
14382
13639
13118
11676
14453
11166
14257
14347
12163
14412
11153
13875
14379
13297
13590
12636
12942
12474
14767
12078
11718
14502
13156
13913
11615
11121
12019
12817
14693
12736
11247
13230
13190
14664
12329
11214
11779
11784
13370
12835
12134
14522
14294
13104
13678
14710
13645
14424
12164
12252
11157
12994
11027
12983
14117
13086
11303
13077
12162
11861
11501
11466
13429
14973
13812
11576
14933
13662
12742
11250
12655
13353
14168
11732
14471
14377
11761
14190
11757
14605
11846
11717
12449
14714
14649
13039
13080
13620
13313
12088
13242
13273
14610
13717
14307
14910
12517
14765
11348
14378
13395
13465
13635
13146
11720
13993
11119
13844
11691
12827
13850
14573
11590
13267
14793
11850
11570
11064
12412
12601
14175
12097
14766
13592
13048
11449
13661
12299
14621
12424
11733
11600
13565
13365
13536
14932
12242
11435
14626
11286
14627
12903
14774
11692
11071
14636
12711
14025
13321
11964
12624
14499
11539
11265
13853
11267
14982
14893
12228
11512
12294
13324
12531
12215
13033
13741
11544
11516
13719
12555
13099
13611
11102
12759
13361
12652
13234
12608
14918
12680
11152
14067
11025
11128
11675
12189
14548
12529
14423
12574
12155
13752
13835
13857
11061
13882
11983
11988
12664
14780
14475
11262
13734
14771
11700
11696
13295
13692
11690
13238
14056
14221
13650
12312
14852
14509
12593
14888
14399
12063
13802
12133
12750
12912
11810
14737
11420
13483
12305
12357
13862
12406
14843
12498
12379
11244
14655
14536
11975
11416
13649
12283
12646
11624
11785
13320
13352
14731
13885
12017
14106
11652
14204
11176
14043
12452
12970
12760
11548
12808
14313
14663
11452
11336
12686
13369
14821
11708
12465
14225
11565
13137
11235
14945
11192
14925
14789
13638
14601
14346
13686
12152
11704
11065
12964
14666
14769
11858
12699
11117
14199
11513
14266
11093
13120
13426
12271
13151
13897
13629
11998
14825
14792
11915
12657
11186
11631
13604
12902
12068
11298
12739
14195
14310
12768
13574
12677
12175
11422
14217
14280
12058
11139
13671
14565
14606
13943
14936
11087
13038
12287
11832
14813
14503
11312
11614
11683
11299
14460
13673
13760
14989
13318
13575
14408
11460
14539
13694
14402
13418
11630
12022
11333
12761
13206
11292
14547
11712
11532
11418
13867
11672
13904
14497
12871
11886
13964
13397
12717
12914
14219
13740
11233
12985
12095
14155
13820
13003
13220
11007
12385
12146
13245
11847
12080
14456
12503
13130
13657
14081
12375
13731
13391
12492
11762
14289
12656
12089
11992
12583
13762
11045
11217
13931
11623
11459
13014
12663
12894
12335
11751
12128
14668
12484
11865
14587
12690
12144
12497
12438
13110
12298
14759
12410
13953
12654
13742
11835
14326
12857
13520
14306
11268
12709
13121
12632
11316
14979
14827
13517
14286
14196
13839
11746
12998
13294
13711
11344
14129
14053
12257
13488
13893
13384
13215
12315
12660
13451
12890
14004
11611
14349
11373
13522
12850
14166
11023
12913
13132
12620
13743
12959
13306
11339
11860
13849
14960
11723
12006
13343
14750
13831
13302
11309
11031
13305
13836
13533
11470
14205
13556
14922
11492
12743
14477
11618
12419
11695
13922
11376
14804
11270
12788
12241
14531
13108
13060
13806
12972
11473
14510
12667
14088
14437
13932
11997
12490
11471
12769
11317
11167
11876
12906
11326
14162
14883
12687
12062
14985
12461
14383
13929
13954
14173
12749
11940
13131
13936
13912
14213
14579
12114
13923
13826
12874
12980
12060
11207
11486
13713
12650
14628
12422
13404
13044
13032
13023
13085
11520
12594
14328
11587
11075
13945
12099
13758
14184
13067
14738
13176
14590
13016
13851
11724
14505
11238
11561
14422
11086
12558
13774
14574
12604
13579
14311
11985
11412
13530
11450
13641
11571
14882
11656
14908
11393
11296
14361
11823
14555
14208
14870
14715
13805
11208
14394
14768
11533
12676
13988
12812
11932
14065
13427
11040
12549
14980
13363
12366
13598
11522
11563
12106
14654
11288
13264
13500
11463
14354
13199
14069
14834
12421
12420
12854
11515
13143
14040
11775
14203
11285
13704
13070
13188
13777
14228
13899
14889
13125
13864
14757
12459
13393
13074
12034
12884
11504
14863
14126
11330
11859
14657
14818
11252
14214
14444
13969
13262
12100
14153
11794
11487
13255
13697
12231
12211
11885
13001
14179
13727
13485
11361
14762
11142
13647
12811
12684
11454
11282
11069
11678
13546
14366
13081
14892
11955
13902
13747
11283
13840
12266
12967
11842
13623
13582
13906
14586
11585
14575
13595
14389
12698
14376
14211
11457
13606
11210
12460
14391
13325
14611
11726
12553
11848
13675
14395
14686
13725
14896
14869
11699
14109
11127
12338
13770
12223
13756
12260
12904
11056
12726
11855
14743
14964
13625
11260
12917
12943
12741
12500
14293
14001
11240
11822
12780
13347
11760
14974
12930
12021
12765
11586
14875
14027
13708
13213
13537
14931
11272
13942
14101
11953
11792
11734
11622
13965
13980
12316
13895
11137
12823
11607
14116
13149
13473
14207
13554
13254
11257
12342
12429
12799
11807
14008
11116
12519
14013
11187
13066
11033
13873
11444
14078
12647
11493
11742
11680
12074
11996
13510
14742
14940
13626
14812
14312
13211
12258
13870
14673
12048
11738
12793
11871
12809
11554
11261
12960
11301
11055
12665
14909
11737
13594
14432
13434
13967
11960
13508
14554
12725
11357
11193
13342
14607
12450
13526
12434
11591
13738
13787
14298
14469
13670
13603
11228
11606
13174
14459
11048
13908
14097
13911
14448
12776
14699
11380
14831
11173
13531
11044
12982
14150
13030
14814
13658
14773
14093
14519
13823
14233
14263
14156
11725
13665
11862
14904
12836
11705
12169
13025
13381
11542
13166
14284
13111
14258
12979
13680
13813
14687
14795
14039
13580
13461
11969
14679
14246
11824
14887
11050
11343
13521
14993
14752
11819
13706
11234
13868
12706
11438
14992
11897
14273
12350
12156
11479
11531
12524
14330
11828
11363
11970
13126
11266
12722
12792
12851
12387
13204
13270
11394
12592
12672
12224
13063
13140
14051
13597
11099
12772
11100
14689
13226
11900
11702
11921
12105
13816
14796
14419
11313
12250
12849
13150
12084
13771
14944
13523
13600
13799
14413
12829
11002
11258
13518
11185
12703
14552
11321
12781
13921
12457
14644
14107
12041
12451
11445
12013
13405
11490
12947
14320
11359
12481
11347
12825
12018
11277
11951
12071
12708
12194
11271
12938
14612
13750
13084
11461
11382
12453
12841
11654
11232
13437
13858
12441
11820
12151
11552
12846
13624
13856
14164
14557
13387
13883
13975
12235
12886
12482
14090
12464
13214
14920
11018
14719
11043
11991
11280
11289
14698
14244
13819
12057
14429
11475
11083
12218
12261
13778
11790
14978
14261
14353
11956
14322
12928
14146
14052
12300
12104
11874
14599
11838
12280
14183
11527
13152
12369
12186
13963
13477
13241
11131
12411
14948
14659
14161
11443
11038
12803
14215
13803
12951
13674
11796
11653
12915
12267
11097
11889
11661
12253
11338
12579
12443
14264
11476
14291
14048
11929
13683
11839
11667
14250
12124
11939
13651
11547
12910
13191
13308
12816
12210
12627
13566
13855
11578
12170
11089
14484
13244
14871
13089
12363
12920
13498
12619
11029
12240
13949
12374
14141
12730
12771
11053
12090
12180
14809
12973
13926
13948
13440
11245
11442
11523
12293
13247
11455
12026
12956
14725
13785
13105
14201
11144
13053
11913
13513
14633
14859
14833
14977
11423
12353
12751
11714
11448
13035
14374
11227
12916
12728
14516
13481
12614
11572
12678
13754
13618
13153
11643
11342
14159
12499
11278
13976
14707
12187
14987
14895
11478
13688
13303
11154
14779
13939
14220
11146
14115
14674
11907
12386
11378
14838
12391
11287
13724
12148
13161
13782
12613
14517
14167
13751
13112
12748
13136
11753
13026
14905
13375
13710
13373
14435
12127
12157
13631
13470
13092
11506
14815
11728
11051
12537
13972
13733
11155
11480
13075
14417
13017
13091
13172
12525
13769
11021
13005
13096
14480
11645
14994
12282
14997
11264
13888
11632
14288
11701
13055
12265
14966
13435
12073
14717
14864
14744
13051
11005
13696
11901
13492
11367
11553
11254
13772
11219
14055
11507
14776
12185
11866
14454
13133
14035
12093
11911
13097
13323
14174
12201
12213
12307
13076
11302
13515
14613
11502
14700
14247
12763
12557
11628
13809
14520
14921
11934
14957
12009
13107
11290
14708
14704
12285
13860
11776
13018
14031
11619
11022
13364
11803
13360
13663
13652
14537
14981
14458
11451
14103
12401
11032
12548
11976
11538
14512
14068
11863
13207
14234
13392
14465
13722
11085
11488
14490
14671
11936
11073
14256
13203
13474
13570
12901
12470
14862
13739
13997
11768
13755
14504
14287
11984
11437
13027
14308
14525
14099
11782
13315
11946
11248
13246
14223
14231
13419
12485
13307
11352
11642
14545
11551
13775
12001
12336
14191
12543
14899
11884
12092
12426
14662
11941
14839
12417
11910
11485
14276
13569
13292
12875
13557
11545
12371
14342
12368
12547
13021
13907
13103
12049
12649
14900
11638
13541
13659
12229
12801
13144
14919
14798
13332
13237
13872
12004
12188
13141
12523
14371
13162
14375
13479
12055
11059
13539
11649
12130
11307
12783
12834
13165
11973
14493
12326
11920
14640
11546
11239
13712
13101
13205
14736
14645
13516
12380
13784
12082
12138
13123
14622
13718
11836
12160
13316
12103
14943
12528
12102
14947
12804
14835
12177
13453
11867
14513
13065
11284
11491
13041
12589
12936
12501
13420
11188
12168
14073
13019
13115
13333
14009
14660
11398
12108
14501
14723
14884
14598
11140
11763
12232
13444
14302
12907
12463
13408
11174
12805
12945
12244
11564
12975
11711
12600
13192
11668
11893
13788
14589
13798
13266
12181
12927
14811
12263
14410
12795
13914
14808
12634
13227
11671
12859
13449
11441
11068
12702
11092
13458
13905
12098
14466
12029
14749
11096
14760
11773
14357
13986
12468
13538
12279
11046
12346
12830
12747
13312
13889
12491
13837
14344
13407
13422
11175
13252
12343
14538
12040
13892
13558
11557
11793
13417
14874
12731
11384
12997
13928
13561
14275
12887
13947
13415
11198
11062
13525
11528
11903
13310
13970
14652
12740
11220
13466
13388
13219
11604
12433
12486
11209
11310
13698
14558
12876
13468
11419
14210
12653
12418
12473
12762
14670
13499
11754
14064
11987
11392
12330
11655
13197
11629
12599
12571
12428
11395
12328
14054
12576
11601
13139
12737
11709
14583
11646
13195
13797
11120
11673
11103
11933
13588
11864
11514
12533
11616
14667
14986
12704
12697
11164
13147
12785
14847
12572
11421
11620
14281
14047
11808
13761
11274
12966
11126
14962
14959
11898
11556
14317
11806
11797
12225
12115
11599
12643
12196
14632
11008
11241
11216
14200
13985
11194
11703
13484
13301
11447
12502
12603
12798
13644
12885
13283
12222
11852
13354
13552
13401
13269
13168
14756
14594
12038
14181
13221
13148
14770
12325
12077
12354
14478
13129
13069
12118
11562
14421
11659
13377
12922
13627
12515
13622
14971
13977
11400
11942
11327
11664
13596
12784
11305
11236
14950
11707
12700
14351
13371
11524
14463
12427
13664
14567
13944
14029
13643
12423
11114
11432
12723
13183
14638
12718
11123
14010
12905
13322
11020
12028
11745
11225
12955
12532
13071
12061
14331
11963
13825
11896
14404
11787
13356
12161
12588
14439
12878
14305
13223
13351
13280
13699
14528
14171
13621
12094
12899
13224
12344
14524
12414
14445
14643
13008
12059
12278
14596
12625
13703
14077
11200
13773
11989
14430
13973
12598
14692
13031
14479
11781
14832
13456
13439
11111
13903
12800
13045
14939
14165
11731
11962
13024
11912
13962
11830
11356
13632
13716
11868
12214
12645
12494
11453
12036
13845
11404
14794
13290
13957
11006
12230
14235
14299
12888
12195
13240
14279
12688
11134
11212
13274
12030
12358
13462
12361
11687
13786
13808
12757
13171
13082
11483
14154
14876
11872
14511
14784
12581
14300
11837
13874
14746
14751
11674
14967
14998
12791
12820
11658
12671
11684
12993
12714
12205
11602
11168
12446
14903
13411
12605
14488
11072
14842
12853
11469
14845
12586
13482
11961
13863
12340
14822
14042
12575
14702
14169
12631
12573
13186
12819
11887
13109
14114
12561
14188
13486
13804
12701
11165
14733
13248
12219
14576
13447
12209
12734
14507
12212
12505
13994
11039
11617
14385
12388
11077
12813
12364
13781
12918
12934
12880
14937
12024
13251
11147
14541
12349
12370
12719
13981
14810
13106
13296
11095
12999
12828
13891
14002
11141
14858
12661
13815
11857
14823
14942
11058
11041
12815
12559
14788
11129
13901
12479
13475
12674
12745
14482
14518
12990
12377
11883
11125
13861
11078
11294
11741
13634
13549
12644
13006
13406
11320
13545
14227
12478
13185
12513
12136
14879
14860
13359
14991
12595
14603
12191
12249
12291
13256
12467
13502
12869
13572
11190
13122
11149
12277
12744
12184
14442
12862
12306
12321
11798
14426
13209
11844
14418
12969
14473
12275
13163
11374
14614
11379
12016
13685
11993
11648
12767
14135
12142
11791
14049
13216
11534
13265
14131
13349
14824
11409
12837
12713
14580
13992
11132
13442
13817
12365
11136
11697
12807
14609
14338
14629
13599
12173
11019
14076
11391
11414
13765
11112
14177
11439
14923
14593
11297
12615
11082
13506
12339
12327
14677
11371
11060
14952
13776
14984
14032
14560
12297
12200
14851
12952
14543
11054
12070
14295
12359
13487
11825
12923
13258
13562
14697
12778
13073
12789
12496
13222
14912
14732
12898
11550
11171
14462
14854
14113
14405
14255
13309
13701
14523
12197
11972
12821
12413
11042
12554
14569
13941
14648
14551
11596
11276
12919
12508
12489
12402
13766
11575
14592
13490
11908
14087
13344
12220
11397
13745
14046
12873
14058
14927
14242
14350
12629
14739
14122
14019
12310
13257
13736
13789
12756
14682
11197
11584
11706
12992
11477
14396
14447
11494
13243
12192
12764
13095
13346
11009
12086
12535
13691
14393
13253
12444
14071
14059
14669
13637
14314
11752
12651
12727
14775
14747
11184
14206
12773
11251
13642
13654
11211
11647
14801
13563
13916
14193
13261
14139
14916
14083
14086
14006
13646
12483
11758
13682
12683
14427
11503
13276
14481
14500
11943
12301
12466
13576
11594
13179
11816
11401
13094
12487
13958
11759
11739
11918
12924
11612
14755
14577
13064
12101
11744
14335
13293
14615
14345
12864
12415
14791
14703
13753
14274
13113
11765
13334
11468
14325
12843
14563
11341
12007
14452
11777
13961
14339
11390
12889
11295
13720
12166
11870
11558
12050
11329
12544
14359
13550
13854
13046
14624
12539
14963
12442
12384
14112
14218
12516
12962
12689
14373
14332
14271
11582
11905
12199
12237
14602
13284
14841
13709
13790
13057
14282
14061
13233
12202
12607
13535
14455
13367
12842
14014
14358
11772
12436
13054
14074
12439
12682
14038
13990
14634
13394
11805
12896
13721
12143
13564
14285
12976
13744
14533
13396
12083
11222
13175
11426
13540
12286
12522
12268
12937
11795
11510
11566
12247
12597
13735
13937
11465
12153
14926
12944
14836
11971
12732
12056
12978
12637
12403
13927
13036
14676
12621
11365
14748
14935
12198
12542
14961
13591
14253
12042
14367
13159
13083
14125
11736
11589
13568
13610
14970
11130
11030
11873
12870
12456
11135
13421
14534
14236
12582
12226
14240
11255
12659
13655
12035
11947
12989
14050
14182
14620
11840
11926
11372
12167
13984
12458
13459
13116
13049
13866
11719
12347
14212
12946
14140
14745
13619
13379
14646
11074
13987
13792
11105
14316
14230
12141
12897
14363
11328
13366
12409
12640
13950
14278
13859
14641
13402
11215
13154
11500
13503
14329
14828
14356
12000
11201
11337
13495
14990
14850
11079
12176
14571
14245
11892
11605
12852
11588
12333
14070
11750
14688
11882
11427
12295
11788
13239
11156
11246
14873
14483
14237
12658
14091
14297
14562
12255
12008
12322
11035
14996
11979
11904
14443
13830
11291
12129
14060
14954
13925
13090
14514
14958
14063
11952
11693
14618
12091
11967
13640
14334
11499
12304
11081
14409
11834
14341
13281
11015
13412
13934
12790
12259
11583
12052
14777
14254
11677
11517
12623
14105
13399
11396
14658
12178
11160
13410
12462
14433
13723
13476
14178
12408
14446
11633
14158
11259
12622
13679
11771
13930
13695
13842
14337
11579
14111
13178
13728
13693
11914
12845
13656
11916
12075
14000
13314
13999
12669
14397
12626
11888
11304
11529
14388
14642
12123
12145
11084
13189
12560
14084
13796
14546
13194
13271
11456
13810
11143
11094
11831
14803
12696
14327
14886
11467
12014
12514
12495
14028
13494
12881
13469
13811
12087
14949
13519
14133
12367
12269
13119
13846
14041
14062
14897
11375
13571
12866
14148
13145
12085
13217
11919
14450
14691
11766
12847
11332
11681
14727
11325
13357
14521
14695
13250
11431
11574
12724
11381
13880
11000
11509
12641
12399
12352
13374
13577
13978
12341
13763
12580
12721
12308
11801
11937
13368
11163
14711
11567
11917
13730
14608
14868
11001
13260
13416
13589
14304
14017
14734
12810
13593
13138
13114
11559
14438
12777
13478
13164
13940
12974
11980
11722
12011
12023
12493
12245
13198
14917
13326
14570
14661
14094
13448
12926
12981
14914
13311
14902
12797
13228
11928
12051
13910
12782
11057
13838
12204
14380
12584
12694
13833
14819
13583
13653
12109
13232
13376
14718
12270
14095
12510
12681
13633
14866
14683
13028
13158
13058
13431
13877
11275
11063
12454
12977
13529
14492
14491
11968
14722
12027
11369
14924
11669
12564
13398
13289
11263
13898
13087
12879
14647
11145
11651
14387
12390
13971
12545
13493
11931
12319
13236
11786
11930
14057
12611
11603
14209
13684
14007
11595
11314
11110
11663
11809
11833
12971
13348
11034
12648
13078
13847
13989
11540
14529
13160
12900
12313
13689
13780
14110
13279
14898
14012
11108
11749
11543
12471
13681
14476
12012
12832
11923
13286
11694
14656
14805
14617
13608
13304
11730
14390
11814
11024
11183
13821
11428
14239
12221
14400
14735
13155
14428
11281
12566
13887
12236
11519
12518
14730
12509
11747
12895
14506
13700
13259
12398
14530
13491
11743
11641
14132
14988
13890
14485
12076
13983
14782
14591
13767
13676
12488
14392
11388
11362
14085
14556
14915
13587
14724
12273
12527
12630
12893
13298
14894
11360
11481
14033
12303
13602
11016
13012
11489
13979
12814
12356
13182
11213
14472
14026
13383
11577
14319
11242
12939
12638
13340
11625
11413
14147
12787
13605
13299
14877
11279
11729
14753
11148
12752
12587
11650
12031
13532
14414
13715
13338
11115
13460
13952
12081
14315
13884
12432
14630
12217
12530
13059
11012
14867
14248
12692
14983
13464
12183
12908
12131
11568
14853
14906
11049
11386
14623
11026
11856
11977
13829
13935
13389
11497
14783
12174
12670
12602
12003
12949
12348
13098
12565
12480
14398
14136
11713
11405
11269
13355
12064
11710
11662
11237
12806
12437
14706
12909
13454
14036
14907
11368
11181
12840
14684
12395
14283
14559
13876
12556
11670
12755
11608
12838
14681
11403
12234
11346
11639
12150
12430
12921
14754
13443
12394
13705
11525
13841
12618
11425
14134
11890
11853
14802
13278
13585
13551
14549
11657
14625
11877
14348
14665
14364
12404
12332
13263
11688
13807
13613
13380
13607
14807
13489
11530
14956
14336
14468
11799
14797
13350
14384
11879
14584
12822
13358
13403
13372
12149
13009
12932
12753
13210
12591
12117
13609
11950
13235
12965
11196
13471
11151
13690
14496
13878
11906
14401
14729
14265
12096
14372
14566
11518
11685
12715
12276
12477
14192
12362
13746
13034
13378
12351
14198
11880
12856
14034
13173
14005
14820
11253
12025
12309
11995
13328
13117
13938
11505
13013
14999
13390
12958
13042
13445
12720
11014
13062
12729
13974
11122
12996
13759
13547
12179
14799
13319
13480
14585
13968
12302
14781
13285
11331
12754
12125
12935
11829
14309
12067
12512
12541
14800
12679
11076
14023
11345
14457
14037
11965
11434
13920
13330
11170
14365
14066
13068
12314
13534
14965
14696
14333
12796
12324
14741
11323
13749
12948
14619
12248
13300
13995
13336
11472
14015
13614
12296
11315
11818
14578
14635
14806
11224
13726
14639
12673
11273
11172
14180
12393
14020
13433
11107
12400
13666
12405
14272
12877
13865
13455
14303
14901
14758
14588
12617
14137
12567
12378
13015
13669
11098
12475
13871
11924
13660
14044
11783
13955
11440
13002
14694
14270
12182
14224
14553
14149
14352
14564
12331
12137
11815
11536
12987
13056
11104
13881
12802
14487
12957
12861
13524
12262
12507
13648
14021
14631
14470
12662
11017
11756
11689
13200
11555
14498
13584
11410
13450
11945
13814
13004
13193
13400
13414
12239
11770
12872
12995
12639
14252
13628
12274
11637
14369
11199
11990
14145
13514
14082
12431
13430
11560
12929
11389
11013
11124
14436
14542
12766
14092
11735
13843
13277
14406
12066
13167
14186
14844
11789
14535
11203
14544
14301
14262
13472
14100
12476
12578
14124
12203
11364
14151
14403
14790
12521
12609
14532
11495
13142
12504
14787
14786
11318
12612
11999
13879
11894
14678
13527
12044
14197
14072
11698
11821
13337
11593
11221
14251
13339
13100
14160
13102
12833
11927
13181
13764
14561
13201
11778
14761
12311
14407
13834
13385
12775
13501
14595
12666
14938
13559
12054
11957
12045
12779
14778
14343
12668
12172
14721
13991
11878
13960
13229
11944
13702
13737
12112
11311
11070
13282
13331
13208
13496
12511
14885
13249
14170
14816
14728
14003
14226
14716
12551
12320
14968
14222
12119
13317
13919
13124
14837
14826
20000
20001
20002
20003
20004
20005
20006
20007
20008
20009
20010
20011
20012
20013
20014
20015
20016
20017
20018
20019
20020
20021
20022
20023
20024
20025
20026
20027
20028
20029
20030
20031
20032
20033
20034
20035
20036
20037
20038
20039
20040
20041
20042
20043
20044
20045
20046
20047
20048
20049
20050
20051
20052
20053
20054
20055
20056
20057
20058
20059
20060
20061
20062
20063
20064
20065
20066
20067
20068
20069
20070
20071
20072
20073
20074
20075
20076
20077
20078
20079
20080
20081
20082
20083
20084
20085
20086
20087
20088
20089
20090
20091
20092
20093
20094
20095
20096
20097
20098
20099
20100
20101
20102
20103
20104
20105
20106
20107
20108
20109
20110
20111
20112
20113
20114
20115
20116
20117
20118
20119
20120
20121
20122
20123
20124
20125
20126
20127
20128
20129
20130
20131
20132
20133
20134
20135
20136
20137
20138
20139
20140
20141
20142
20143
20144
20145
20146
20147
20148
20149
20150
20151
20152
20153
20154
20155
20156
20157
20158
20159
20160
20161
20162
20163
20164
20165
20166
20167
20168
20169
20170
20171
20172
20173
20174
20175
20176
20177
20178
20179
20180
20181
20182
20183
20184
20185
20186
20187
20188
20189
20190
20191
20192
20193
20194
20195
20196
20197
20198
20199
20200
20201
20202
20203
20204
20205
20206
20207
20208
20209
20210
20211
20212
20213
20214
20215
20216
20217
20218
20219
20220
20221
20222
20223
20224
20225
20226
20227
20228
20229
20230
20231
20232
20233
20234
20235
20236
20237
20238
20239
20240
20241
20242
20243
20244
20245
20246
20247
20248
20249
20250
20251
20252
20253
20254
20255
20256
20257
20258
20259
20260
20261
20262
20263
20264
20265
20266
20267
20268
20269
20270
20271
20272
20273
20274
20275
20276
20277
20278
20279
20280
20281
20282
20283
20284
20285
20286
20287
20288
20289
20290
20291
20292
20293
20294
20295
20296
20297
20298
20299
20300
20301
20302
20303
20304
20305
20306
20307
20308
20309
20310
20311
20312
20313
20314
20315
20316
20317
20318
20319
20320
20321
20322
20323
20324
20325
20326
20327
20328
20329
20330
20331
20332
20333
20334
20335
20336
20337
20338
20339
20340
20341
20342
20343
20344
20345
20346
20347
20348
20349
20350
20351
20352
20353
20354
20355
20356
20357
20358
20359
20360
20361
20362
20363
20364
20365
20366
20367
20368
20369
20370
20371
20372
20373
20374
20375
20376
20377
20378
20379
20380
20381
20382
20383
20384
20385
20386
20387
20388
20389
20390
20391
20392
20393
20394
20395
20396
20397
20398
20399
20400
20401
20402
20403
20404
20405
20406
20407
20408
20409
20410
20411
20412
20413
20414
20415
20416
20417
20418
20419
20420
20421
20422
20423
20424
20425
20426
20427
20428
20429
20430
20431
20432
20433
20434
20435
20436
20437
20438
20439
20440
20441
20442
20443
20444
20445
20446
20447
20448
20449
20450
20451
20452
20453
20454
20455
20456
20457
20458
20459
20460
20461
20462
20463
20464
20465
20466
20467
20468
20469
20470
20471
20472
20473
20474
20475
20476
20477
20478
20479
20480
20481
20482
20483
20484
20485
20486
20487
20488
20489
20490
20491
20492
20493
20494
20495
20496
20497
20498
20499
20500
20501
20502
20503
20504
20505
20506
20507
20508
20509
20510
20511
20512
20513
20514
20515
20516
20517
20518
20519
20520
20521
20522
20523
20524
20525
20526
20527
20528
20529
20530
20531
20532
20533
20534
20535
20536
20537
20538
20539
20540
20541
20542
20543
20544
20545
20546
20547
20548
20549
20550
20551
20552
20553
20554
20555
20556
20557
20558
20559
20560
20561
20562
20563
20564
20565
20566
20567
20568
20569
20570
20571
20572
20573
20574
20575
20576
20577
20578
20579
20580
20581
20582
20583
20584
20585
20586
20587
20588
20589
20590
20591
20592
20593
20594
20595
20596
20597
20598
20599
20600
20601
20602
20603
20604
20605
20606
20607
20608
20609
20610
20611
20612
20613
20614
20615
20616
20617
20618
20619
20620
20621
20622
20623
20624
20625
20626
20627
20628
20629
20630
20631
20632
20633
20634
20635
20636
20637
20638
20639
20640
20641
20642
20643
20644
20645
20646
20647
20648
20649
20650
20651
20652
20653
20654
20655
20656
20657
20658
20659
20660
20661
20662
20663
20664
20665
20666
20667
20668
20669
20670
20671
20672
20673
20674
20675
20676
20677
20678
20679
20680
20681
20682
20683
20684
20685
20686
20687
20688
20689
20690
20691
20692
20693
20694
20695
20696
20697
20698
20699
20700
20701
20702
20703
20704
20705
20706
20707
20708
20709
20710
20711
20712
20713
20714
20715
20716
20717
20718
20719
20720
20721
20722
20723
20724
20725
20726
20727
20728
20729
20730
20731
20732
20733
20734
20735
20736
20737
20738
20739
20740
20741
20742
20743
20744
20745
20746
20747
20748
20749
20750
20751
20752
20753
20754
20755
20756
20757
20758
20759
20760
20761
20762
20763
20764
20765
20766
20767
20768
20769
20770
20771
20772
20773
20774
20775
20776
20777
20778
20779
20780
20781
20782
20783
20784
20785
20786
20787
20788
20789
20790
20791
20792
20793
20794
20795
20796
20797
20798
20799
20800
20801
20802
20803
20804
20805
20806
20807
20808
20809
20810
20811
20812
20813
20814
20815
20816
20817
20818
20819
20820
20821
20822
20823
20824
20825
20826
20827
20828
20829
20830
20831
20832
20833
20834
20835
20836
20837
20838
20839
20840
20841
20842
20843
20844
20845
20846
20847
20848
20849
20850
20851
20852
20853
20854
20855
20856
20857
20858
20859
20860
20861
20862
20863
20864
20865
20866
20867
20868
20869
20870
20871
20872
20873
20874
20875
20876
20877
20878
20879
20880
20881
20882
20883
20884
20885
20886
20887
20888
20889
20890
20891
20892
20893
20894
20895
20896
20897
20898
20899
20900
20901
20902
20903
20904
20905
20906
20907
20908
20909
20910
20911
20912
20913
20914
20915
20916
20917
20918
20919
20920
20921
20922
20923
20924
20925
20926
20927
20928
20929
20930
20931
20932
20933
20934
20935
20936
20937
20938
20939
20940
20941
20942
20943
20944
20945
20946
20947
20948
20949
20950
20951
20952
20953
20954
20955
20956
20957
20958
20959
20960
20961
20962
20963
20964
20965
20966
20967
20968
20969
20970
20971
20972
20973
20974
20975
20976
20977
20978
20979
20980
20981
20982
20983
20984
20985
20986
20987
20988
20989
20990
20991
20992
20993
20994
20995
20996
20997
20998
20999
32471
31262
32942
33707
33845
32978
31089
30585
30012
30036
32823
32401
30078
33132
30569
30632
31513
32297
31408
32525
33388
33641
31015
30004
33341
30082
31670
30574
30188
32780
30496
30380
30402
30077
32496
32500
33661
32006
30185
31835
30001
31576
33976
30859
33773
32612
33670
32247
31119
33511
31318
30933
31619
33583
32848
32050
30346
33995
33958
30853
31066
33316
32384
30951
31773
32140
30884
33028
30389
33239
31663
30424
32025
31700
31647
32068
31485
32714
32869
31048
32821
33908
31219
31608
31601
33092
30673
32373
30798
31208
30267
30361
30696
31043
31916
33524
32149
32641
32464
32822
33262
31992
31374
33869
30266
32208
31888
30769
30955
32976
30486
33481
33077
33755
30725
30206
33040
30926
30278
32481
31909
32777
32776
32504
30912
32917
33228
32684
31768
31263
30882
30240
30255
33401
31725
33010
33446
32163
30226
30371
31001
33209
31305
30682
32187
32001
30892
32256
30973
31062
32698
33438
32096
30805
32255
30073
31699
30245
31550
33448
33738
31718
30684
32292
32090
32751
31176
32539
31393
30501
33278
33232
33478
30253
33050
30390
30778
32278
31872
31164
31858
30540
30286
32014
31473
33767
32289
32724
31411
32833
30881
31413
30437
32819
30179
32303
31614
32427
31317
32390
33345
33901
31178
32861
30504
33408
30104
32468
31420
31613
32988
32902
31214
33406
31286
30976
31254
32397
32594
30701
32889
31020
31742
30444
32137
33113
31973
31466
33863
33440
33340
30591
32690
33968
33194
30159
32189
31558
30434
33414
33487
31079
32222
31826
31570
30703
31543
32077
31013
32462
32526
31239
33398
32596
32547
31449
30299
32993
30047
32338
32625
33409
32300
31222
32893
30529
33568
33867
31335
33569
33922
32198
33420
33127
30446
30545
32154
32931
33964
32672
31634
31470
30872
33095
33339
32736
30171
33329
31161
32610
33991
33847
32327
33791
31215
32538
30212
33951
30493
33216
33899
31147
33582
30058
32505
32870
30485
32757
33699
32723
33213
30256
31151
31450
31280
32376
31455
30292
32422
33814
33236
33230
31865
30583
31946
33145
32909
31369
33820
30085
33447
32349
30455
31709
31795
31638
32210
30033
32286
33655
31213
33754
30508
30556
31848
33373
30135
33611
30613
30007
31899
31402
30542
31023
31036
30559
33336
32619
30968
32431
32318
33679
33517
32618
32662
32669
30643
31545
31429
32087
33531
32581
31061
31022
30005
32428
32959
32339
30342
32924
30270
33946
33270
31202
31568
32107
31852
31226
32139
31085
30686
30225
30739
33902
30868
32436
32957
32704
31527
31362
32386
32151
32717
31248
31713
30830
30612
33726
30079
30698
31711
33984
32333
32973
32578
32628
32024
33589
32389
32919
31250
32299
32949
32939
32201
32875
31339
31769
32864
30397
31149
31938
32983
31692
30453
31874
31792
30208
31327
33355
31269
32629
30819
31727
33539
30435
30181
33134
30230
33100
33342
33309
32826
31115
30451
31190
32223
31030
31308
33044
30440
30938
30396
31891
31659
33081
31703
32966
33383
30885
31160
31492
32632
30752
33719
30105
31220
30014
30298
32000
30899
30828
32824
31074
32336
32649
32173
32476
31218
30202
33541
32003
32502
30488
33097
32800
33567
33703
33831
32075
30066
32749
31803
30903
32485
33813
30154
33949
33893
32948
33271
31170
33107
31876
32072
31657
30972
31640
32954
30490
30849
30854
32279
32369
30162
32881
33571
31232
30607
31456
32671
31184
31983
30418
33117
30657
32209
31169
31199
31933
31662
33645
32023
32200
33759
30382
32055
31624
32515
33282
32273
33936
32689
31798
31761
33338
30791
32322
30218
32733
30248
33576
33601
32357
32367
30115
30723
33663
31018
33920
30003
33234
33579
30572
31587
31702
32542
31695
30166
31278
32910
30641
33928
31818
32113
32900
32859
33473
31112
32589
31324
30345
33664
30209
31175
33076
32781
33470
33501
33154
33846
33806
31650
33849
31446
30593
31521
30386
31534
32211
33246
30330
32519
31810
30093
31646
33857
32860
33330
33207
30456
31375
31238
31706
30588
32936
32904
33565
30373
33675
32871
33389
30801
30594
33049
32872
30070
33160
31593
32752
33045
30042
32913
32478
31271
30152
30954
30056
32120
31579
32141
31328
31480
31717
31759
33979
32839
30080
33347
33906
31974
31633
33710
32766
33405
30861
33199
31864
33890
30642
33106
32964
33361
32143
30848
31315
33700
33746
31684
31255
30500
32466
33861
30597
32786
32191
31627
33226
33911
31934
32416
32264
33671
32863
30417
31829
30494
30627
33123
30328
32126
31563
33592
31249
32081
32984
33599
31006
30347
33657
31409
32646
30172
33061
31504
30995
30676
30815
32830
31294
30125
30297
30928
32570
30988
33062
33877
32806
33349
30269
33080
32228
32857
30555
32886
30038
32105
33296
30123
31349
32930
33731
33942
30400
30222
30777
31895
31855
30753
30246
32040
33133
31963
33218
32432
32036
31381
33931
31019
32874
30411
30335
31905
33619
33111
32982
32745
30509
32643
30719
33804
30076
32331
33090
32099
33575
30419
31237
31789
33999
33424
32250
30606
32937
30157
31917
30577
30189
31444
33864
30421
31783
30355
30513
32042
32169
30120
32231
30197
31637
33196
30802
30765
33402
31514
31639
30956
30469
33810
31745
33021
33636
33450
31134
31187
31000
31957
30949
33505
30311
31672
31397
32267
31356
31956
31253
32472
30211
31591
33557
30088
32197
32523
32582
32130
32818
31502
33691
31856
32853
30254
31496
31042
32452
33064
32614
30735
30843
32153
32133
33493
30190
32381
30445
30506
32897
32346
30518
30450
33572
31360
32664
33108
31173
33298
32176
30636
33743
31142
30800
33257
33720
33775
31506
31412
30638
33713
32901
31617
32868
33083
31929
32325
32557
30383
32405
33513
32770
31032
33410
33240
31159
32922
33387
32304
31432
31361
33243
32613
31772
32048
31468
30811
32989
32944
33260
33826
33185
32768
33659
30213
33020
30635
31832
32555
32895
33714
30941
33530
33930
32324
31602
31755
33071
30140
30757
31516
33403
32301
32510
30866
30917
33988
31805
30009
33732
31907
32259
32943
33965
32026
33872
31668
31651
32203
30681
32940
30026
30370
33313
31447
32620
33608
30981
32497
33711
30680
33793
32994
33334
31072
31667
31266
30852
33915
32298
31391
32470
30365
32360
32727
30133
31059
33283
31780
30746
32945
32190
31155
30006
30354
31894
31824
31090
33314
33035
30751
31320
32986
31326
32681
31241
32168
32970
31959
31354
33305
30483
33130
30614
31766
30285
32679
33896
32469
31669
33560
33301
33499
31087
33835
33730
30478
30363
33031
32480
30722
30326
32412
31799
33012
30836
31559
30699
33980
31752
32651
32797
32633
31606
30323
33287
32093
32956
30252
30013
32345
33982
31424
32246
30340
32995
33171
33798
30879
32199
33396
30671
32661
31763
31033
32571
30857
32815
30649
32335
32657
32030
31210
31038
30747
33971
31430
32683
32061
31972
32064
30277
33258
33250
31330
32288
31802
32605
33570
30294
33155
30170
31256
30907
32443
31205
30102
30666
32221
30057
30416
32772
31497
31399
30812
31993
32393
30232
33480
32188
30313
32340
31116
30661
30834
31467
33267
31110
31939
32063
33195
32262
31796
33221
30312
31964
33794
30392
33855
31708
33633
30258
32277
33372
33559
33068
30550
33921
30515
32317
30314
30481
32894
30663
32790
31886
32584
30291
33156
30395
33758
30194
30764
30948
33966
33363
33024
33503
31744
31787
30600
31649
31873
33229
33036
31728
33756
32144
31453
33926
30850
32579
33319
32323
33605
31572
32362
32104
30789
30064
31277
33669
31869
33523
33014
32801
33484
32438
32647
33715
33279
32033
32541
32258
32290
30637
32005
31126
31809
30646
31977
30788
32195
33382
32832
30692
30991
32716
33149
33785
32739
33527
31138
30822
32074
30095
31172
31923
33027
33993
33829
31329
33561
33808
31153
30516
30433
30729
32631
30303
30238
32816
33765
31148
33472
30265
32054
32225
33054
32799
33048
33016
32463
31853
32606
31968
31729
30063
31988
30403
30620
32112
31661
33856
33787
31849
30913
31028
30457
32877
32089
30050
33520
33041
32157
30320
32688
31507
33356
32687
30603
33627
31157
31817
32952
32395
32230
30775
32079
30044
33932
30768
33828
31322
31244
30590
32445
32742
33004
30772
33795
32185
31914
30043
31808
31571
30472
31200
31951
31777
32457
31123
30471
31551
33830
30175
32568
30604
33933
31415
31458
32284
33844
31645
30586
31347
32062
33622
33477
32615
33430
31235
30610
32341
30810
33360
31836
33151
33407
31644
32841
31784
30858
33525
30549
30873
33614
31813
32214
32637
31073
31070
31519
31380
31738
30979
31499
32569
31260
32593
33698
33026
32091
30558
32887
32053
33433
33637
30930
32257
32852
32814
33667
30520
33941
33178
33643
31940
30040
32507
32820
33977
31197
31698
30564
31592
30061
31193
32224
32563
30992
33358
31094
33766
32043
30551
30958
32309
33718
32706
31753
33182
33552
30474
30645
33739
30618
31828
31049
33039
32271
33822
33172
31707
33393
30611
33425
32017
33183
33935
30886
31913
32379
31179
31348
31607
31887
32773
33069
32293
33782
33254
32627
31243
33975
33548
31009
31494
33948
30295
32117
30575
31961
32997
33757
30733
33291
32213
30640
31230
31503
33716
32378
33368
33038
33547
32237
32734
31960
32908
31531
32550
31945
32648
31666
32316
31898
33859
33223
31604
31500
33702
31751
32368
32155
30180
31697
33197
32530
33238
30840
33652
31705
31483
30126
30994
33421
31105
30296
30816
33662
31366
33146
31837
30257
31270
31113
30442
31440
33970
31212
31201
32125
32382
33456
32449
31191
31487
30929
30192
30623
31296
31884
30276
33085
32127
30862
30532
30808
33642
31804
30755
33059
30727
32980
30871
33056
31764
32520
31868
30507
32960
32314
31117
33457
30687
33063
32182
33174
32879
32961
33532
30139
32951
31056
31372
33432
30774
30148
33680
32827
30436
31476
33536
33927
33825
32007
32758
31465
32302
31133
31182
33981
30219
30223
31224
30965
33304
30521
30448
32058
33712
30272
32220
30668
31276
33972
32172
30338
32829
30198
33497
32979
32865
31479
32467
33616
33885
30287
33944
33351
30511
31358
32459
31712
30580
30770
33551
31092
32675
33498
31461
32692
33206
30503
31985
32565
32391
32493
31174
30993
30399
30895
33248
33913
30022
30134
32095
32918
33962
32585
32700
33169
33729
30476
32696
33918
30282
30934
32009
33253
31825
32111
32097
30344
33581
31906
31881
30792
32805
30890
30639
30029
30145
30621
30937
30598
32741
33550
32754
33907
33789
33722
32337
31701
33665
32326
31118
31037
31791
31046
32840
33467
31099
33202
31674
30804
31920
32750
31575
30738
32522
31827
31509
31984
32313
30289
30659
32069
33681
33865
30829
33352
31654
33079
32562
32145
30517
30288
30074
30161
33259
30165
30685
31166
31282
32634
31162
30867
30510
32207
33489
30002
31227
31093
33468
30731
31400
31749
32402
32694
30909
33660
32583
33007
31401
30374
30290
33871
30141
30293
31861
30275
30667
32532
33381
30479
30865
32926
31395
30055
30482
32587
33326
30978
33415
33888
30214
32506
30832
31685
30173
33742
30821
30341
30203
32194
32330
31577
33348
30966
30127
31298
31128
33458
30035
33514
32321
33978
33047
31814
33919
30653
32985
30605
30807
32307
32372
31679
30539
33555
33051
33900
30683
31368
32715
33676
32268
32807
32192
32552
30349
31653
30910
31340
31771
32047
33963
31418
33176
33395
30705
32358
33200
32884
33173
31357
30650
32147
31746
33649
30362
32484
33562
32086
31540
32138
32611
32575
32274
33992
33251
33598
32981
30794
32888
33753
30544
31556
31045
32586
32847
32334
30099
31319
32748
32712
32283
31216
32778
31464
33749
30625
32266
31098
32269
31554
32531
32494
32450
31548
33442
32535
32052
32456
31688
30307
30831
30675
30631
30263
32920
33647
32167
33735
33190
31774
31405
30112
30905
31284
32423
30920
33839
30647
31195
33986
30567
32787
32158
31878
33678
33630
30300
31800
32574
31612
30322
30860
31309
30548
30975
33110
33666
33786
31143
30106
33892
30420
32642
33684
32934
33215
33187
33256
31428
32458
32927
33266
30904
32499
33227
31595
33796
33466
33748
32782
32891
33677
30573
31689
32708
30656
31301
33297
30137
31952
33840
31493
30030
31565
32798
30249
31937
30519
33526
33776
33184
32248
30887
33704
32635
32676
30568
33463
32442
33138
33596
33537
30092
33327
32617
31196
33996
33879
33486
31975
31589
30902
31351
33495
31762
30589
32015
30408
31588
32544
31765
30717
30942
31300
32215
33142
33640
32654
30906
32291
31145
31377
30464
31675
32101
31625
32603
32406
31433
32365
31518
30562
31621
33953
32991
31996
31535
31025
30644
33620
32693
31757
30118
33858
31097
33462
32844
30264
32454
31003
32136
33940
32762
33612
31392
33350
30405
30060
33875
33854
31414
30761
31336
32475
31104
30110
33989
31885
31204
32035
33164
30059
32242
32352
32775
30763
30809
31998
31158
32813
32004
31897
33013
31192
33335
31394
31223
30048
33105
31240
32051
31820
31628
31416
31750
32184
32885
32116
32835
32567
30045
31289
33584
33750
30377
30587
33648
33955
33293
33439
32254
31352
33471
31389
33153
33053
31346
31181
33444
32630
31052
33323
33751
32685
31367
33943
32695
30601
31426
33593
31183
31562
31156
33538
33208
31924
30461
32898
32513
30316
33255
31618
30353
30874
32092
30742
30756
33506
32343
31306
32448
33073
31880
30963
33688
32078
31114
31044
31088
30229
31398
33827
31860
30216
33654
31039
33295
30592
30425
30533
33222
31376
30447
33065
31678
32990
31077
33897
33734
32280
30306
33386
32915
32238
33289
32804
31583
30806
31930
33960
32281
33682
30779
33929
31790
33276
30932
30771
33265
33515
33725
30664
32518
33956
31122
31490
32243
32114
33101
31051
33367
31421
33119
32034
33588
33693
30068
31229
33925
31737
32408
31981
32928
30880
31245
31515
32600
30081
33377
31131
30228
33375
30460
32098
32146
30492
30317
31101
31297
31615
30599
33779
32929
30274
33843
31312
32785
30827
32559
31287
31189
31163
30760
32666
33376
33727
30243
31715
33723
33479
33384
32838
33167
31379
30678
31029
30143
33878
31370
30119
30960
33067
30561
33535
32670
32403
33023
32508
32057
30691
32366
32245
33721
32935
33445
32217
30378
31012
31383
32916
33690
30215
33369
32882
30741
30103
33916
30525
31845
33274
33695
33212
32429
33321
30431
30534
32315
32085
31140
32771
30847
30356
30262
30331
32674
31014
33320
31846
31596
30359
31454
33819
32783
32796
31350
32419
31150
30463
33774
30986
31417
33631
32241
32626
33333
32435
32616
32032
33950
31866
33549
31332
33708
32659
31431
31323
33161
33939
33011
33685
32354
33529
31083
31063
32434
32490
31342
32761
30679
32668
31652
31100
32793
32229
31910
31027
32655
31533
30987
32743
31434
30369
33496
31344
30084
30732
32400
33475
32037
30337
31999
30924
32446
31867
32070
30053
30204
31812
33214
33235
30130
33177
31419
31065
31488
30475
30167
31893
30234
31078
30617
32527
32912
31011
31680
33428
33837
33203
30116
30523
33300
32969
31942
31854
33624
33125
30147
30279
33344
31598
31908
33437
33436
32673
33852
30547
33891
33242
33290
30553
31778
32789
30415
30075
31611
33328
30713
32932
30094
33390
33002
31603
31425
30015
30100
30438
31337
30097
31785
32049
31631
30693
32350
33312
33817
32756
32152
30304
30502
33556
32588
33281
33179
31883
31325
33917
32514
30028
33744
31310
31739
33353
32899
30404
30845
32351
33543
31704
31071
33898
33317
31474
33124
32249
31862
33033
30998
31024
33210
33606
30736
31304
30838
33889
30911
30195
31834
33460
33650
32071
30247
32845
31136
32129
30914
32394
30560
32486
32521
31451
30158
30528
32383
30984
32311
32272
32232
32722
31677
33807
31403
33315
31903
32444
33850
30784
32495
31994
30101
32425
30833
33249
31560
33019
31303
31632
32551
30470
31944
33449
31656
30477
32083
31542
31341
33658
30781
33359
31258
30931
33431
33882
30883
32131
32560
32396
33573
32491
31050
31816
30153
32866
33263
32103
30413
32744
32660
31058
30244
33564
30669
31561
31234
31283
32196
31491
32536
30817
33788
32161
30622
33423
32802
32653
31007
32680
32206
31676
31912
33625
33741
31345
32947
33802
31321
31086
33780
33087
30268
32045
33324
31564
30343
30552
30497
33198
31054
32477
32624
31726
32181
32849
30961
31693
32719
31334
33595
33952
30163
31882
33411
33842
31242
30183
32760
31922
33653
30891
30894
30989
31928
32602
33836
31806
31198
30875
32667
33528
32738
32817
31004
32711
33129
30336
33895
30688
30916
32921
33534
30142
31665
31120
31067
30662
30945
32263
32726
31896
33168
32509
33696
30376
30893
33060
33379
32950
30846
33874
30217
33009
30970
33098
33701
31747
30128
33884
32186
33656
31578
32002
33591
30388
31457
33137
33094
32451
31124
30766
31154
33904
32566
30898
33686
32720
33465
31954
31246
33089
33084
32046
31546
32135
33140
31901
33147
31605
33380
31135
31388
33883
30837
30571
32310
32735
31387
31285
31438
32022
32110
30398
31997
32038
32501
31152
33752
30146
30796
33413
33126
31026
31839
31017
32699
31165
32073
32524
30484
33781
31261
33116
30745
33025
33192
32873
32607
30054
31130
33272
30576
30224
32553
31823
30783
31581
30301
31732
32407
30969
32892
33427
31075
30512
30524
33443
31719
33924
30037
30237
31231
30473
30767
32808
31225
31443
32740
33790
30439
31082
31840
32094
33626
33673
30423
32124
30065
33510
30734
32252
32639
32029
31779
31146
31471
33540
33362
32953
30231
32794
33454
31731
33586
31288
32010
31264
33397
32020
30023
31035
31890
32492
32226
33399
31016
30566
30923
30706
33205
30921
33193
30628
30008
31918
30714
31962
30869
33866
31139
33563
33453
30584
33058
33910
33186
33346
33600
30010
31427
33001
30563
32842
31293
33374
30027
30089
30348
32364
30709
30242
30491
31991
32608
33733
33504
33037
32150
33594
32294
31569
30855
32906
32012
30498
30824
33809
33689
32216
32296
31406
32810
30737
31539
30762
31770
31819
33763
30407
31976
33170
32399
30385
30182
31055
33112
33546
32465
32601
33938
30651
32946
31316
32543
30950
30406
30922
30430
30114
33736
32487
33862
32755
32558
31683
30730
31259
30546
30072
31495
30409
31462
30531
30980
32747
32992
32691
31941
30220
33770
31478
31236
30689
30927
32697
32996
31505
31137
31980
30283
31536
30514
32590
32413
30814
30543
33429
33277
33082
33987
30259
30946
33217
33873
31932
33288
33292
32512
30138
32440
30091
31475
31830
31281
31660
33687
33521
32123
33144
32108
32858
30889
33769
33494
33459
33870
31970
30536
30261
30489
30011
30537
32285
31141
31978
30098
33607
32044
30759
30462
33491
30149
30608
30626
32171
31005
30414
31552
30302
30839
33629
31041
30051
31211
33220
33954
31965
33823
31203
31566
31002
31384
32355
30541
33354
32233
31736
31871
33635
31378
33435
30205
32076
30826
33947
31971
31966
32122
32623
33724
30799
31524
30318
30740
33838
30953
31788
32115
31989
30041
32359
30410
33516
31441
31793
30844
31754
33072
31833
31807
33017
32987
32573
33490
32019
33175
30187
31863
33668
31510
30918
33574
32018
33815
32295
30199
30210
32287
33997
31484
31125
32415
31927
32837
30690
32430
33784
30522
31385
33008
31690
32100
32276
33544
31590
31472
32855
30939
30401
30758
32142
30426
33762
31931
30602
33646
30368
33985
30049
33191
31021
32056
31875
32938
33099
31915
30655
33394
33824
32955
33131
33078
31724
30144
31517
31221
33224
30352
30124
31641
31582
30032
31463
30704
30971
33474
31926
30096
32385
33166
32896
33553
32703
31776
32027
31302
31748
31207
30870
30086
31299
32836
33772
33294
32503
33771
32424
33604
31919
32080
33122
33302
32546
30360
30452
31355
32328
33136
30728
30168
31060
32474
32319
30309
30974
32156
30919
33452
33894
31057
32031
32420
30726
33585
32388
33492
32312
30321
33162
32597
30863
30674
30786
32361
32764
31797
33042
32517
31068
30538
32907
31664
33211
33285
33261
31333
31902
30962
30156
31267
31687
30449
33512
31040
30964
30629
32511
32329
32640
31987
33165
30271
33818
31622
32447
33488
31925
30186
31599
33022
32119
30351
30813
30131
31781
33158
32580
31144
30670
32175
32974
31121
31859
31567
32746
32410
32729
30233
32759
31967
30196
32235
30633
30174
33392
33299
31168
33848
33371
32564
31630
30582
33558
30358
32791
30985
32658
32968
30711
30381
33833
30878
31544
32731
31314
31481
33566
31671
30429
32308
33957
33674
32183
33651
33088
33286
33003
31557
31096
32320
33905
32529
30207
30499
31442
30900
33391
33102
30155
30364
32998
33303
33066
32244
32721
30178
33188
30864
31955
30652
31252
33273
31594
32398
33252
31363
30754
30459
32065
33280
32595
33632
31188
31537
33225
33522
33247
33973
32178
33805
31448
31843
31735
31958
32409
32305
31396
32880
32148
32537
30996
32162
32971
32240
31338
30333
32788
30505
32239
31031
33990
31185
33740
33416
33219
32554
33745
30281
30700
32377
30394
30487
31469
32843
31477
30820
30273
32725
30308
32636
32577
32159
32516
33052
33070
33881
30441
31435
31526
30841
30113
32911
33485
33148
32212
32977
30018
30280
31716
30339
30619
30031
31217
32414
32371
32812
30241
30660
30578
30350
30793
30749
31538
32441
30111
31095
33697
30648
30708
33121
30936
33357
31686
32644
31279
30983
31821
30239
31811
33075
30721
30581
33104
31801
32905
33554
33914
30020
32598
32903
32528
30823
32850
33269
33244
33163
32784
30200
33451
32556
33245
33509
32134
32803
31107
33307
33542
31532
31756
31127
30177
33821
31274
30000
31167
31307
33268
30367
30052
32561
30818
31995
32489
32082
32488
32177
32370
31990
33880
30997
31935
33365
31452
33018
30235
31681
31422
32453
33032
33683
30654
33404
33998
33189
33621
32218
32426
30071
30201
33093
31691
31730
32710
30616
32753
31228
33811
33580
32205
32121
33441
31549
32265
31132
33264
31943
33797
30897
32132
31522
31900
30743
31620
33482
33141
33545
33923
33969
31010
30609
33135
31541
33801
31177
30109
33464
31439
32455
31520
32878
33412
31386
30034
30901
31600
30957
30334
32548
32219
33115
32963
31353
32275
30176
30527
30117
33783
31889
31648
32011
30935
32663
30468
30876
32678
32609
30393
30915
33306
30062
30090
31710
33417
31696
32482
31359
32732
32549
33091
33139
32013
31822
31694
31129
33672
33868
33761
31857
32174
31741
31390
30428
33886
32342
32650
31609
32638
33120
33778
31194
33157
30087
30596
30227
31584
32421
33876
31313
31508
33476
31247
30702
32483
31722
30480
33644
32374
31629
30724
30236
33057
31459
31530
31573
33043
31986
31091
32260
33728
31080
33378
33834
31921
31758
30250
33602
33370
33903
30707
33241
32867
31501
32016
33311
33086
31844
32417
32067
31947
32227
31847
31460
30672
32890
30624
33385
33974
31311
31740
32774
30554
31841
31525
33000
33909
32765
30535
31658
30284
30467
33046
33096
30842
32479
33325
32392
32854
32923
33803
33180
31069
32008
31734
31489
31047
32622
33204
31053
33777
33308
33114
31404
31268
32705
32592
30797
31682
32039
32348
31064
30710
31655
32701
33455
33638
32270
30773
33945
32460
33507
31365
31574
31775
33034
31106
32604
30019
30136
30630
32433
31407
33483
31610
31265
30718
30896
32972
32737
30422
30427
32831
30795
30327
30495
31877
30184
33400
30379
30744
31108
30021
32021
30967
32811
32261
31008
31103
33747
33832
31382
31364
33518
30432
30990
33508
30658
32572
33143
31979
32591
32652
31257
30715
30391
32202
30454
33887
33841
30665
30952
33768
31673
33705
31714
31879
30634
33337
30372
32665
33706
33934
31969
33994
31636
31794
32344
31209
32545
31936
30016
32828
32656
31553
31331
30366
32109
30122
33519
33709
33030
32356
32962
33015
30221
30695
33737
31760
32707
30694
33617
33422
30925
33418
32779
33961
32088
30083
33150
32999
30251
31186
30357
33717
33634
31486
32862
32728
31616
31597
33860
33426
31291
32809
31523
32713
32404
31410
31782
33310
32437
33610
32411
30046
32682
30776
31272
31233
33231
31206
33597
31842
31786
31720
31892
32059
30150
31626
30069
32851
33603
31580
32347
32282
31275
31815
33332
33851
30825
30782
32204
30526
33639
33366
33760
30943
33331
30716
33937
31290
33118
33609
32251
31948
30888
32193
30579
32767
31585
31034
30465
32686
30530
33152
30908
33590
33434
33343
31904
32709
33967
33055
31529
30169
30557
30108
30947
33816
33694
30443
32418
31109
31445
31743
32677
33959
32967
30160
31373
31111
31423
33109
32534
32645
33800
32498
32834
31949
30940
30999
30384
33792
30712
32876
31171
33615
33318
30697
32461
30129
32253
31831
31180
31295
31850
32914
33233
31982
30835
30790
32439
32576
32234
31251
33799
30851
30780
30677
32028
32965
32473
33461
31292
30720
32165
30877
30615
30412
31851
30375
31721
33613
30017
32883
33533
30151
30107
32353
30315
32825
32306
31512
33500
32332
33103
30785
32925
33912
30466
33029
32387
30193
30332
33983
31586
33587
32180
33275
31838
31436
33181
30570
31371
31767
30191
32041
31642
33853
32066
32621
32702
30325
33692
33628
32975
31343
30856
33005
31555
33237
32160
31953
30025
30748
32763
30067
31437
32846
32730
32792
30803
32363
32958
33623
30121
30324
32533
30787
31084
30750
33074
33764
31498
32540
32118
32941
32084
31950
30260
30387
30305
32166
32060
30959
33578
30024
33469
32102
33128
31528
33159
30565
32599
33812
33322
31081
31870
30039
30310
31076
32380
33364
32106
31273
32769
32164
33419
31733
31511
30944
33502
32170
30132
33284
31643
31911
32179
32933
32236
32128
31547
31482
31623
30458
30595
30329
31102
30977
32795
33006
32375
31723
32856
30164
33577
32718
33201
33618
30982
31635
30319
40000
40001
40002
40003
40004
40005
40006
40007
40008
40009
40010
40011
40012
40013
40014
40015
40016
40017
40018
40019
40020
40021
40022
40023
40024
40025
40026
40027
40028
40029
40030
40031
40032
40033
40034
40035
40036
40037
40038
40039
40040
40041
40042
40043
40044
40045
40046
40047
40048
40049
40050
40051
40052
40053
40054
40055
40056
40057
40058
40059
40060
40061
40062
40063
40064
40065
40066
40067
40068
40069
40070
40071
40072
40073
40074
40075
40076
40077
40078
40079
40080
40081
40082
40083
40084
40085
40086
40087
40088
40089
40090
40091
40092
40093
40094
40095
40096
40097
40098
40099
40100
40101
40102
40103
40104
40105
40106
40107
40108
40109
40110
40111
40112
40113
40114
40115
40116
40117
40118
40119
40120
40121
40122
40123
40124
40125
40126
40127
40128
40129
40130
40131
40132
40133
40134
40135
40136
40137
40138
40139
40140
40141
40142
40143
40144
40145
40146
40147
40148
40149
40150
40151
40152
40153
40154
40155
40156
40157
40158
40159
40160
40161
40162
40163
40164
40165
40166
40167
40168
40169
40170
40171
40172
40173
40174
40175
40176
40177
40178
40179
40180
40181
40182
40183
40184
40185
40186
40187
40188
40189
40190
40191
40192
40193
40194
40195
40196
40197
40198
40199
40200
40201
40202
40203
40204
40205
40206
40207
40208
40209
40210
40211
40212
40213
40214
40215
40216
40217
40218
40219
40220
40221
40222
40223
40224
40225
40226
40227
40228
40229
40230
40231
40232
40233
40234
40235
40236
40237
40238
40239
40240
40241
40242
40243
40244
40245
40246
40247
40248
40249
40250
40251
40252
40253
40254
40255
40256
40257
40258
40259
40260
40261
40262
40263
40264
40265
40266
40267
40268
40269
40270
40271
40272
40273
40274
40275
40276
40277
40278
40279
40280
40281
40282
40283
40284
40285
40286
40287
40288
40289
40290
40291
40292
40293
40294
40295
40296
40297
40298
40299
40300
40301
40302
40303
40304
40305
40306
40307
40308
40309
40310
40311
40312
40313
40314
40315
40316
40317
40318
40319
40320
40321
40322
40323
40324
40325
40326
40327
40328
40329
40330
40331
40332
40333
40334
40335
40336
40337
40338
40339
40340
40341
40342
40343
40344
40345
40346
40347
40348
40349
40350
40351
40352
40353
40354
40355
40356
40357
40358
40359
40360
40361
40362
40363
40364
40365
40366
40367
40368
40369
40370
40371
40372
40373
40374
40375
40376
40377
40378
40379
40380
40381
40382
40383
40384
40385
40386
40387
40388
40389
40390
40391
40392
40393
40394
40395
40396
40397
40398
40399
40400
40401
40402
40403
40404
40405
40406
40407
40408
40409
40410
40411
40412
40413
40414
40415
40416
40417
40418
40419
40420
40421
40422
40423
40424
40425
40426
40427
40428
40429
40430
40431
40432
40433
40434
40435
40436
40437
40438
40439
40440
40441
40442
40443
40444
40445
40446
40447
40448
40449
40450
40451
40452
40453
40454
40455
40456
40457
40458
40459
40460
40461
40462
40463
40464
40465
40466
40467
40468
40469
40470
40471
40472
40473
40474
40475
40476
40477
40478
40479
40480
40481
40482
40483
40484
40485
40486
40487
40488
40489
40490
40491
40492
40493
40494
40495
40496
40497
40498
40499
40500
40501
40502
40503
40504
40505
40506
40507
40508
40509
40510
40511
40512
40513
40514
40515
40516
40517
40518
40519
40520
40521
40522
40523
40524
40525
40526
40527
40528
40529
40530
40531
40532
40533
40534
40535
40536
40537
40538
40539
40540
40541
40542
40543
40544
40545
40546
40547
40548
40549
40550
40551
40552
40553
40554
40555
40556
40557
40558
40559
40560
40561
40562
40563
40564
40565
40566
40567
40568
40569
40570
40571
40572
40573
40574
40575
40576
40577
40578
40579
40580
40581
40582
40583
40584
40585
40586
40587
40588
40589
40590
40591
40592
40593
40594
40595
40596
40597
40598
40599
40600
40601
40602
40603
40604
40605
40606
40607
40608
40609
40610
40611
40612
40613
40614
40615
40616
40617
40618
40619
40620
40621
40622
40623
40624
40625
40626
40627
40628
40629
40630
40631
40632
40633
40634
40635
40636
40637
40638
40639
40640
40641
40642
40643
40644
40645
40646
40647
40648
40649
40650
40651
40652
40653
40654
40655
40656
40657
40658
40659
40660
40661
40662
40663
40664
40665
40666
40667
40668
40669
40670
40671
40672
40673
40674
40675
40676
40677
40678
40679
40680
40681
40682
40683
40684
40685
40686
40687
40688
40689
40690
40691
40692
40693
40694
40695
40696
40697
40698
40699
40700
40701
40702
40703
40704
40705
40706
40707
40708
40709
40710
40711
40712
40713
40714
40715
40716
40717
40718
40719
40720
40721
40722
40723
40724
40725
40726
40727
40728
40729
40730
40731
40732
40733
40734
40735
40736
40737
40738
40739
40740
40741
40742
40743
40744
40745
40746
40747
40748
40749
40750
40751
40752
40753
40754
40755
40756
40757
40758
40759
40760
40761
40762
40763
40764
40765
40766
40767
40768
40769
40770
40771
40772
40773
40774
40775
40776
40777
40778
40779
40780
40781
40782
40783
40784
40785
40786
40787
40788
40789
40790
40791
40792
40793
40794
40795
40796
40797
40798
40799
40800
40801
40802
40803
40804
40805
40806
40807
40808
40809
40810
40811
40812
40813
40814
40815
40816
40817
40818
40819
40820
40821
40822
40823
40824
40825
40826
40827
40828
40829
40830
40831
40832
40833
40834
40835
40836
40837
40838
40839
40840
40841
40842
40843
40844
40845
40846
40847
40848
40849
40850
40851
40852
40853
40854
40855
40856
40857
40858
40859
40860
40861
40862
40863
40864
40865
40866
40867
40868
40869
40870
40871
40872
40873
40874
40875
40876
40877
40878
40879
40880
40881
40882
40883
40884
40885
40886
40887
40888
40889
40890
40891
40892
40893
40894
40895
40896
40897
40898
40899
40900
40901
40902
40903
40904
40905
40906
40907
40908
40909
40910
40911
40912
40913
40914
40915
40916
40917
40918
40919
40920
40921
40922
40923
40924
40925
40926
40927
40928
40929
40930
40931
40932
40933
40934
40935
40936
40937
40938
40939
40940
40941
40942
40943
40944
40945
40946
40947
40948
40949
40950
40951
40952
40953
40954
40955
40956
40957
40958
40959
40960
40961
40962
40963
40964
40965
40966
40967
40968
40969
40970
40971
40972
40973
40974
40975
40976
40977
40978
40979
40980
40981
40982
40983
40984
40985
40986
40987
40988
40989
40990
40991
40992
40993
40994
40995
40996
40997
40998
40999
