724
478
194
1024
885
1060
97
1273
696
1257
759
191
1175
532
461
1392
414
941
161
881
119
1427
371
1179
720
285
992
216
528
295
454
1182
718
20
1005
430
85
344
257
768
242
744
1288
845
871
183
969
8
92
938
328
105
1212
978
857
868
543
816
419
91
1426
38
922
815
1361
1219
1374
1310
28
980
1246
1007
93
1485
1464
1022
1075
353
10
239
487
291
174
1254
1035
926
671
156
643
569
594
144
965
1012
675
440
872
1489
1479
403
58
1473
327
757
447
12
723
455
1410
490
102
345
1068
467
840
342
356
1452
888
674
775
656
1119
640
147
1099
400
766
545
222
917
451
1226
363
737
1170
181
1027
631
539
1311
552
448
987
1306
748
1292
561
1113
145
1287
456
84
187
1448
812
101
1264
493
959
644
818
584
765
758
241
886
1153
1185
372
468
276
576
1127
1158
957
503
46
502
687
711
1139
751
348
1477
583
693
1366
1084
481
1379
1433
968
364
1038
1176
1238
278
77
1492
1268
668
789
1172
1250
164
956
434
754
531
72
1369
1398
1428
457
466
538
262
1349
605
1017
117
469
1468
907
602
473
996
577
506
1415
1133
1180
1499
862
1274
1323
878
441
417
703
1018
1441
190
632
729
1478
54
268
1112
1253
1120
384
399
333
1272
306
477
1109
427
1293
1393
1249
858
742
903
206
651
505
1122
376
611
578
26
1475
725
829
1431
312
1251
1355
998
351
708
352
1000
110
927
479
975
799
810
553
1385
1277
962
310
55
1446
290
444
604
70
443
260
1003
1195
258
184
516
127
683
833
955
802
1480
254
876
1063
813
613
1123
1432
1461
898
489
825
1267
1070
574
571
410
1484
317
34
43
1166
1390
347
853
458
134
756
1103
1420
852
480
850
279
710
1438
299
910
1407
465
721
496
527
1032
1101
890
343
738
709
1196
1395
892
1312
1043
366
533
713
51
1095
1434
1004
1055
1344
460
827
837
267
32
1184
1236
967
634
1248
1183
971
146
1116
1033
367
65
1208
806
684
1010
1128
40
1221
1202
169
549
120
804
1460
1130
179
377
275
597
1405
436
563
836
616
864
45
180
397
1345
960
1031
5
133
1318
1078
271
999
253
1358
103
498
1474
970
1126
1204
172
1145
30
9
98
69
1044
783
1
1045
86
607
894
915
570
537
369
556
1234
1090
838
609
296
1157
1371
1325
109
716
564
722
412
1073
666
524
68
274
449
442
392
1333
809
964
1340
361
906
743
869
142
1440
313
1336
822
326
536
464
1178
234
59
1229
1347
591
60
598
1121
861
588
839
1295
1093
603
1443
700
1291
288
662
769
889
1023
1378
334
572
1289
924
1171
883
195
1053
1042
832
439
902
1326
734
1423
1404
1462
1414
11
230
953
585
942
95
680
790
1058
664
747
284
811
1189
1354
1303
435
497
474
1115
529
772
1019
308
805
1294
749
1417
408
560
336
1097
1155
1483
1016
171
382
1455
1313
918
355
365
311
865
90
1134
614
23
767
1424
370
1305
1396
494
162
635
877
1360
186
1353
104
1040
424
1076
209
359
1406
0
297
638
639
406
173
820
650
601
1255
880
1071
415
1307
762
796
388
944
863
1281
237
1054
1173
1436
264
1413
1391
1384
793
113
320
728
303
1465
141
1165
581
676
1193
1442
847
307
934
1430
56
1222
431
19
153
617
1049
619
854
208
289
599
831
218
776
138
379
389
1141
25
331
586
705
1006
1252
411
931
913
124
977
690
114
231
170
96
210
83
715
764
1081
928
396
1342
483
73
646
192
1161
621
694
1271
88
654
259
354
450
1335
779
1373
1329
1244
486
488
1039
777
731
1146
197
1174
1458
413
1286
695
760
929
123
201
784
935
856
407
1412
394
797
1370
515
937
1117
1322
641
350
215
476
1213
698
1470
945
111
785
860
42
803
99
381
647
932
1308
521
378
1098
31
565
997
53
21
228
1150
1203
952
182
341
1162
387
422
1299
530
954
879
1046
330
542
1110
322
1026
63
1372
961
453
1082
557
1488
1456
559
1486
386
636
395
213
582
752
1339
1469
1348
324
893
1375
200
692
1056
362
1088
286
786
393
1290
1131
801
151
391
255
293
1037
909
82
1181
1408
665
544
143
923
219
374
587
126
982
823
773
1220
963
669
1447
235
1080
1142
1416
1047
1008
1247
1168
778
189
989
1214
433
508
1216
64
1074
66
933
1105
1476
771
875
325
501
912
788
37
745
841
130
1319
175
1284
848
682
357
178
7
1351
495
33
50
701
1439
1102
405
798
670
418
240
1069
1147
548
504
1411
47
568
1472
316
1057
1243
1365
148
1201
547
18
900
1321
76
1230
661
224
1454
1104
514
89
1087
1429
663
1009
753
428
1163
908
1154
1343
919
193
991
1118
741
1352
575
874
1240
595
866
61
921
899
252
1457
1011
499
1300
1338
1259
223
1059
270
1020
819
1094
232
916
1437
1450
1114
979
1388
842
309
770
558
732
1330
1482
263
250
3
1332
136
304
1231
1363
983
1327
1041
520
697
726
1156
1100
269
484
248
160
679
976
637
678
137
416
321
17
452
238
402
256
22
1138
518
1199
554
851
1278
590
491
1064
1418
199
459
1463
485
380
512
135
346
1376
993
920
593
911
681
642
712
685
1192
844
217
1237
1002
226
1337
349
660
791
761
510
523
507
1079
1276
774
807
1025
1151
1140
943
329
314
1258
1021
1085
81
939
27
163
1377
1149
633
1481
277
166
283
1148
648
292
44
736
125
71
1269
1124
1444
826
781
2
1217
1394
1435
246
1498
562
1096
525
936
1015
94
266
526
1050
1129
940
821
1282
185
1218
463
16
168
48
165
437
176
627
305
990
1223
273
1283
1089
204
1304
950
233
873
608
896
1241
792
714
149
691
824
672
1493
702
423
541
1331
659
100
1297
1421
41
212
1380
1334
649
121
1235
112
132
129
243
830
1495
1227
154
1382
482
315
140
755
332
152
1137
624
471
795
535
522
882
401
1356
1256
1324
1136
1422
475
227
74
1111
1210
719
1228
272
300
966
1487
426
1367
1389
15
1316
1453
1359
1052
1036
131
6
707
981
1187
108
618
196
615
511
622
1191
540
52
188
1467
122
1401
1409
1200
763
294
1083
689
1051
373
948
1402
1152
750
808
904
546
1266
1030
338
1445
551
1399
261
566
1260
994
1320
600
688
1066
159
1341
425
115
843
57
1048
323
1061
167
1169
1013
1317
335
282
1225
704
368
1301
517
658
67
1381
567
800
1280
229
420
470
1285
1403
1065
1077
612
1279
534
500
677
203
740
301
1490
49
1383
849
867
787
1459
251
1397
1302
1364
360
118
1362
699
706
817
1159
589
220
509
580
472
780
13
1207
62
985
626
319
947
1092
1245
281
735
1143
139
337
884
1029
519
814
1466
1091
951
834
245
1239
828
207
1224
1164
891
914
1206
686
905
249
628
198
1449
225
555
972
385
1072
739
221
1386
925
870
1328
1211
930
339
404
550
610
629
1346
318
1497
1425
280
80
150
1144
727
375
835
958
1275
87
855
895
1298
155
573
652
1496
205
39
733
625
1215
177
429
1067
75
1491
1190
298
1188
236
653
1014
1086
35
340
1132
438
592
462
1471
14
1315
107
657
157
620
949
302
446
1400
630
782
859
1034
1205
717
1160
1186
265
1209
1233
398
1265
1242
128
673
984
158
1261
1350
1108
1198
358
846
513
390
1232
746
1167
596
1135
383
287
492
432
1387
1357
1106
421
1194
1368
606
1494
897
1419
645
730
887
1309
946
1177
579
974
1262
202
79
106
1451
29
1270
1296
794
4
1107
211
655
214
995
1197
973
667
78
24
901
1125
409
244
1028
116
1263
986
1062
36
988
1001
445
1314
623
247
10000
10001
10002
10003
10004
10005
10006
10007
10008
10009
10010
10011
10012
10013
10014
10015
10016
10017
10018
10019
10020
10021
10022
10023
10024
10025
10026
10027
10028
10029
10030
10031
10032
10033
10034
10035
10036
10037
10038
10039
10040
10041
10042
10043
10044
10045
10046
10047
10048
10049
10050
10051
10052
10053
10054
10055
10056
10057
10058
10059
10060
10061
10062
10063
10064
10065
10066
10067
10068
10069
10070
10071
10072
10073
10074
10075
10076
10077
10078
10079
10080
10081
10082
10083
10084
10085
10086
10087
10088
10089
10090
10091
10092
10093
10094
10095
10096
10097
10098
10099
10100
10101
10102
10103
10104
10105
10106
10107
10108
10109
10110
10111
10112
10113
10114
10115
10116
10117
10118
10119
10120
10121
10122
10123
10124
10125
10126
10127
10128
10129
10130
10131
10132
10133
10134
10135
10136
10137
10138
10139
10140
10141
10142
10143
10144
10145
10146
10147
10148
10149
10150
10151
10152
10153
10154
10155
10156
10157
10158
10159
10160
10161
10162
10163
10164
10165
10166
10167
10168
10169
10170
10171
10172
10173
10174
10175
10176
10177
10178
10179
10180
10181
10182
10183
10184
10185
10186
10187
10188
10189
10190
10191
10192
10193
10194
10195
10196
10197
10198
10199
10200
10201
10202
10203
10204
10205
10206
10207
10208
10209
10210
10211
10212
10213
10214
10215
10216
10217
10218
10219
10220
10221
10222
10223
10224
10225
10226
10227
10228
10229
10230
10231
10232
10233
10234
10235
10236
10237
10238
10239
10240
10241
10242
10243
10244
10245
10246
10247
10248
10249
10250
10251
10252
10253
10254
10255
10256
10257
10258
10259
10260
10261
10262
10263
10264
10265
10266
10267
10268
10269
10270
10271
10272
10273
10274
10275
10276
10277
10278
10279
10280
10281
10282
10283
10284
10285
10286
10287
10288
10289
10290
10291
10292
10293
10294
10295
10296
10297
10298
10299
10300
10301
10302
10303
10304
10305
10306
10307
10308
10309
10310
10311
10312
10313
10314
10315
10316
10317
10318
10319
10320
10321
10322
10323
10324
10325
10326
10327
10328
10329
10330
10331
10332
10333
10334
10335
10336
10337
10338
10339
10340
10341
10342
10343
10344
10345
10346
10347
10348
10349
10350
10351
10352
10353
10354
10355
10356
10357
10358
10359
10360
10361
10362
10363
10364
10365
10366
10367
10368
10369
10370
10371
10372
10373
10374
10375
10376
10377
10378
10379
10380
10381
10382
10383
10384
10385
10386
10387
10388
10389
10390
10391
10392
10393
10394
10395
10396
10397
10398
10399
10400
10401
10402
10403
10404
10405
10406
10407
10408
10409
10410
10411
10412
10413
10414
10415
10416
10417
10418
10419
10420
10421
10422
10423
10424
10425
10426
10427
10428
10429
10430
10431
10432
10433
10434
10435
10436
10437
10438
10439
10440
10441
10442
10443
10444
10445
10446
10447
10448
10449
10450
10451
10452
10453
10454
10455
10456
10457
10458
10459
10460
10461
10462
10463
10464
10465
10466
10467
10468
10469
10470
10471
10472
10473
10474
10475
10476
10477
10478
10479
10480
10481
10482
10483
10484
10485
10486
10487
10488
10489
10490
10491
10492
10493
10494
10495
10496
10497
10498
10499
21167
20281
20581
21292
21438
21343
21019
20514
20489
21070
21245
20127
20657
20606
21363
20517
20417
20640
20324
20564
20117
20314
20030
21098
21072
21443
20184
20998
20450
20469
20085
20932
21238
21213
21226
21291
20623
21042
20055
20982
20166
21351
20098
21472
20756
20173
20028
20799
20781
20020
20048
20006
21425
20137
20707
21113
21128
20072
20592
21216
20560
21458
20975
20972
21299
21100
20915
21430
20685
21066
20709
20887
20503
20825
21272
21496
20100
20258
20505
20530
21095
20857
20608
20111
20442
20150
20325
21270
20451
20176
20374
20409
20010
20143
21308
20302
20942
21103
21339
20933
21353
20168
20123
20506
20844
20722
20420
20665
20014
20832
20032
21020
20614
20474
20565
21417
21172
20789
20056
21473
21410
20881
20496
20286
20892
20162
21106
20752
20193
21325
20732
20305
21398
21469
20091
21092
21490
21461
21256
21305
20729
20204
21022
20958
20384
20634
20897
20758
21088
21069
20074
21010
20407
21165
20504
21392
21235
21026
20965
20681
20161
20169
20370
20810
21482
21210
20157
21413
20755
21263
20914
20454
20692
21205
20391
20603
20423
20226
20918
20038
20375
21484
20000
21078
20347
20987
20540
21341
20418
21081
20493
20317
20244
21169
20183
20368
20587
20345
21286
20392
21152
20992
20465
20498
20766
21448
21224
21257
20413
20768
20882
20449
20122
20644
20705
20045
21001
21498
20646
20488
20549
21229
20090
21330
20532
21426
21207
20571
20967
21137
21499
20837
20206
21117
21124
20553
20361
20934
20343
21478
21240
21150
20749
20337
21273
21008
21168
20539
21477
20950
21378
20411
20025
21400
20039
20792
20387
20620
21173
21120
20905
20041
20966
20673
21258
20063
20874
21267
20624
21157
20298
20495
21294
20402
21383
20898
20484
20826
21441
20095
20993
20666
20629
21480
21096
20131
20189
21148
20876
20569
20643
20007
20710
20196
21200
20190
21085
20653
20274
20446
21262
20656
20611
21034
20376
21119
20654
20229
21160
20570
20809
20522
20853
21423
20502
20227
21420
21388
20462
21204
21147
20472
20284
20712
20723
20605
20632
20578
21481
20002
20936
21164
20776
20678
20237
21236
21361
21040
21061
20895
20481
20367
20773
20519
20708
20385
21394
21422
20081
20175
21459
21176
20976
20764
20675
20631
21385
21494
20224
20219
20697
20467
20604
20182
20328
20930
20859
20891
21249
20574
21495
20507
21268
21288
20546
20954
20838
20894
21310
20893
21451
20480
20645
20068
20595
20579
20197
20979
21397
20735
20974
20960
20214
21193
20354
20612
20745
20922
20989
21154
21355
20984
20483
20566
21227
20064
20248
20921
21303
21067
20164
20785
21093
20071
21186
21412
21030
20357
21206
21328
20617
20556
20913
20953
21416
21107
20027
21162
20395
20259
20482
21130
20523
20541
21450
21032
20285
21243
20864
20527
20205
21265
20971
20280
20725
20744
20696
20704
21189
20628
21054
20052
21360
20949
21027
20243
20416
20146
20851
21219
21391
21261
21248
20275
20753
20590
20397
20746
20803
20713
20277
21284
21121
20848
20478
20558
20669
20308
21432
20663
20290
20555
20383
20125
20112
20867
20778
20583
20491
21260
20714
21342
20270
20916
20301
21018
20780
20470
20727
21177
21488
20429
20163
21181
21253
21237
20572
21437
21180
21307
20814
20151
20221
21139
20297
20083
20633
20057
20494
20761
20379
21440
21142
20718
20160
20941
20926
20562
21402
21389
20398
21191
20093
20371
21295
20203
21435
20029
20545
20084
21230
21221
20769
20804
21357
21126
21170
20265
21476
20937
20132
20884
21403
20046
21155
20011
20134
20015
21277
20329
20968
20394
20287
21320
21187
20016
21135
20299
20363
21283
21231
21468
20145
20088
21071
20699
20626
20615
21049
20198
20447
20680
20880
21055
21278
21486
21279
20077
21418
20410
20999
20386
20649
21051
20868
20647
20279
21296
21386
20444
20671
20956
20757
21368
21242
20021
20459
20209
20513
21466
21347
20584
20152
20211
21405
21097
21354
20326
21009
20962
20273
20625
20635
20896
20811
20268
21452
20313
21041
20187
20178
20724
20924
20457
20754
20845
20501
21362
20438
20858
20334
20231
20153
20508
20102
20827
20577
20322
20743
20108
21269
20218
20059
21429
20802
20660
21467
20835
20588
21179
21381
20852
21025
21387
20210
20742
20408
21282
20659
20262
20760
20140
21465
21104
20639
21447
20341
20557
21146
20820
21470
20582
20983
20026
21436
21246
20089
21016
20834
20278
21302
20711
20726
20521
21217
21254
20641
20118
20155
21222
20597
20900
20076
20213
21337
21463
20247
20094
21274
21031
20023
20728
21196
21471
21192
20831
20292
20794
20422
20819
21004
20828
20747
20938
20358
20103
21056
20431
20167
20593
21114
21492
20453
20293
20372
20202
20622
20215
20855
20788
20208
20222
20650
21407
20995
21373
21241
20018
20689
20323
20165
20567
20991
20518
20130
20294
21297
21359
20912
20833
20242
20404
21414
20879
21075
21082
20856
20929
20047
20105
21483
20951
20238
20479
20264
20033
20035
20412
20602
20058
20543
21156
21336
21023
20245
20775
21080
21290
21118
20256
20716
20466
21024
20443
20251
20767
21109
20019
21372
21326
20381
20199
21340
21390
20863
20779
20216
21218
20664
21289
20734
20677
21233
20947
20096
20144
20642
20695
21043
21271
20702
20331
20535
20973
20062
20805
20271
21323
20759
21144
21332
21239
20349
21287
20348
20737
20703
20318
21145
20477
21101
21396
20295
20070
21375
20955
20359
20800
20136
20378
20158
20241
20377
20596
20994
20630
20719
20637
20139
21102
20124
21384
20907
20662
20550
20908
20511
21393
20315
20455
20497
20240
20415
20060
20445
20110
21202
20414
21007
21111
21171
21321
21479
21127
20296
21090
20399
20332
20538
20421
21313
20807
20335
20586
21005
21188
20923
21266
20751
20303
20524
20053
21457
20312
20636
20812
21052
20765
20307
21203
20360
20468
21395
21334
21350
20674
21366
20786
21194
21293
20829
20174
20135
20886
20862
20576
21434
20120
21153
20733
21399
21183
20771
21344
21220
20613
20406
21285
21091
20536
20842
20487
20717
20846
21013
21003
21012
20796
20380
21131
20885
20362
20658
21234
20225
21311
20599
21318
20263
20490
21083
20428
20320
20003
20430
20106
20866
20001
20009
21211
20485
20917
21316
20672
21053
20471
20388
21079
20463
20439
20609
21143
20963
21062
20740
20997
21276
20396
20037
21105
21045
20890
20436
20873
20486
20403
20561
20706
21428
20282
21064
21382
21408
21006
21110
21015
21182
20849
20547
20172
20791
20031
20069
20230
20049
21094
20688
21158
20065
20253
20066
20607
20836
21327
21444
20871
20080
20092
20927
20661
20682
21046
20156
20977
20254
20821
20075
21304
20906
21084
20525
21161
21076
20961
20356
20339
21232
20772
20869
20044
21060
20126
20990
20366
20648
20748
21028
20012
21247
21133
20266
20841
21445
20017
21033
20943
21021
20526
21123
20877
21178
20427
21474
21306
21116
20185
20142
20192
20351
20720
20509
20419
20191
20435
20369
21442
20618
20824
20683
20872
21086
20520
20432
21329
20260
20816
20159
20901
20116
20931
20651
20528
20939
21175
20904
20700
21112
21065
20928
21314
21379
21198
20589
21068
20738
21454
20426
21376
20813
20701
20456
20510
20568
20801
21099
21159
20797
20911
21050
20040
20101
20336
20627
20180
21315
20051
20500
20679
21411
20269
21455
20050
20448
20212
20223
20475
20437
20236
20390
21338
20382
21446
20964
20667
20304
21017
20730
20154
20531
20610
21487
20946
20220
21077
21225
20458
21223
20355
20731
20533
21209
21409
21255
20440
20693
20350
20283
20652
21002
20319
21166
20364
21456
21433
20352
20783
20179
20267
20195
20770
21000
21195
21427
20959
21087
21252
20580
20067
20909
20078
20638
20655
20365
21493
20948
20935
20774
20008
20739
21460
20342
21141
20741
20784
21497
20464
20919
20113
21029
20840
20945
20860
20698
20777
20473
20619
20393
21151
20806
21201
20830
20843
20288
20188
20097
20787
20815
21134
20232
20389
20847
20822
20099
20121
21380
20233
21228
20149
21190
20005
20181
20512
20330
21462
20036
20128
20600
21322
20425
21251
20823
21074
20601
20969
20138
21115
21377
20763
20910
20715
20920
20235
20554
21358
20793
20434
20257
21212
20119
20079
21312
21264
20981
21214
20082
20721
21149
20306
21491
20061
21132
20548
20598
20988
21475
20291
20054
20441
21317
20790
20024
20147
20861
20808
20542
20668
20736
20795
21419
20839
20252
20684
21365
20261
21331
20952
21125
21348
20316
21185
20276
21370
20985
20246
20551
20228
20170
21298
20529
20148
20575
20250
21431
21057
21335
20925
20177
20544
20004
20043
20534
21404
20346
21453
21250
21199
21421
21059
21406
21364
20452
20563
21352
20013
20201
21039
21073
20996
20676
20401
20899
20782
20889
21345
21215
21356
21424
21048
21464
21275
20492
20129
20686
21415
21449
21346
20042
21138
20115
20460
20870
21300
20591
21369
20234
20616
20239
20340
20817
21011
20405
21184
20818
20970
20344
21044
21281
21037
20978
21089
21038
20171
21208
20373
21333
20107
20194
20691
20883
21485
21036
21244
20878
20461
20690
20537
20086
20670
21349
20865
21174
20272
20798
20854
21122
21280
20957
21367
21129
20207
20594
20311
20338
20310
20621
20433
20687
20104
21324
20850
20552
20762
20499
21035
20476
20694
20141
21063
20022
20986
20327
21197
20940
21439
21401
20087
20186
20249
21136
20309
20289
21014
21140
21259
20114
20902
21108
20133
20073
20353
20424
20585
21374
20200
21047
20255
20217
20903
21301
20300
20750
20321
20516
20875
21319
20109
20888
20944
21371
20333
20559
20034
20980
21163
20573
21058
20515
21489
21309
20400
35000
35001
35002
35003
35004
35005
35006
35007
35008
35009
35010
35011
35012
35013
35014
35015
35016
35017
35018
35019
35020
35021
35022
35023
35024
35025
35026
35027
35028
35029
35030
35031
35032
35033
35034
35035
35036
35037
35038
35039
35040
35041
35042
35043
35044
35045
35046
35047
35048
35049
35050
35051
35052
35053
35054
35055
35056
35057
35058
35059
35060
35061
35062
35063
35064
35065
35066
35067
35068
35069
35070
35071
35072
35073
35074
35075
35076
35077
35078
35079
35080
35081
35082
35083
35084
35085
35086
35087
35088
35089
35090
35091
35092
35093
35094
35095
35096
35097
35098
35099
35100
35101
35102
35103
35104
35105
35106
35107
35108
35109
35110
35111
35112
35113
35114
35115
35116
35117
35118
35119
35120
35121
35122
35123
35124
35125
35126
35127
35128
35129
35130
35131
35132
35133
35134
35135
35136
35137
35138
35139
35140
35141
35142
35143
35144
35145
35146
35147
35148
35149
35150
35151
35152
35153
35154
35155
35156
35157
35158
35159
35160
35161
35162
35163
35164
35165
35166
35167
35168
35169
35170
35171
35172
35173
35174
35175
35176
35177
35178
35179
35180
35181
35182
35183
35184
35185
35186
35187
35188
35189
35190
35191
35192
35193
35194
35195
35196
35197
35198
35199
35200
35201
35202
35203
35204
35205
35206
35207
35208
35209
35210
35211
35212
35213
35214
35215
35216
35217
35218
35219
35220
35221
35222
35223
35224
35225
35226
35227
35228
35229
35230
35231
35232
35233
35234
35235
35236
35237
35238
35239
35240
35241
35242
35243
35244
35245
35246
35247
35248
35249
35250
35251
35252
35253
35254
35255
35256
35257
35258
35259
35260
35261
35262
35263
35264
35265
35266
35267
35268
35269
35270
35271
35272
35273
35274
35275
35276
35277
35278
35279
35280
35281
35282
35283
35284
35285
35286
35287
35288
35289
35290
35291
35292
35293
35294
35295
35296
35297
35298
35299
35300
35301
35302
35303
35304
35305
35306
35307
35308
35309
35310
35311
35312
35313
35314
35315
35316
35317
35318
35319
35320
35321
35322
35323
35324
35325
35326
35327
35328
35329
35330
35331
35332
35333
35334
35335
35336
35337
35338
35339
35340
35341
35342
35343
35344
35345
35346
35347
35348
35349
35350
35351
35352
35353
35354
35355
35356
35357
35358
35359
35360
35361
35362
35363
35364
35365
35366
35367
35368
35369
35370
35371
35372
35373
35374
35375
35376
35377
35378
35379
35380
35381
35382
35383
35384
35385
35386
35387
35388
35389
35390
35391
35392
35393
35394
35395
35396
35397
35398
35399
35400
35401
35402
35403
35404
35405
35406
35407
35408
35409
35410
35411
35412
35413
35414
35415
35416
35417
35418
35419
35420
35421
35422
35423
35424
35425
35426
35427
35428
35429
35430
35431
35432
35433
35434
35435
35436
35437
35438
35439
35440
35441
35442
35443
35444
35445
35446
35447
35448
35449
35450
35451
35452
35453
35454
35455
35456
35457
35458
35459
35460
35461
35462
35463
35464
35465
35466
35467
35468
35469
35470
35471
35472
35473
35474
35475
35476
35477
35478
35479
35480
35481
35482
35483
35484
35485
35486
35487
35488
35489
35490
35491
35492
35493
35494
35495
35496
35497
35498
35499
40463
40437
40494
40895
40074
40476
40611
40417
40142
40263
40204
40700
40495
40590
40563
40453
40598
40982
40314
40985
40509
40324
40630
40819
40876
40214
40635
40038
40067
40596
40260
40219
40066
40383
40510
40399
40187
40327
40336
40498
40848
40042
40536
40118
40429
40777
40292
40843
40232
40418
40942
40226
40904
40001
40633
40277
40349
40760
40211
40371
40470
40723
40367
40868
40375
40694
40788
40909
40742
40174
40037
40897
40851
40139
40665
40264
40698
40026
40364
40613
40125
40085
40267
40347
40631
40233
40376
40717
40217
40027
40062
40412
40275
40837
40031
40248
40766
40309
40548
40250
40006
40575
40410
40208
40756
40803
40739
40651
40136
40023
40422
40877
40512
40675
40846
40384
40599
40987
40000
40373
40728
40834
40757
40434
40318
40279
40716
40240
40053
40180
40502
40617
40107
40911
40518
40719
40191
40363
40474
40660
40362
40880
40957
40969
40649
40380
40447
40859
40379
40874
40342
40680
40840
40977
40461
40882
40411
40341
40122
40565
40814
40147
40652
40560
40779
40228
40572
40485
40952
40528
40278
40833
40621
40784
40709
40604
40588
40569
40029
40981
40207
40828
40176
40338
40448
40737
40730
40134
40424
40251
40648
40095
40831
40210
40188
40405
40274
40449
40807
40112
40526
40205
40060
40721
40864
40884
40769
40435
40374
40850
40991
40239
40797
40520
40898
40753
40443
40656
40398
40537
40593
40984
40478
40482
40645
40466
40496
40488
40966
40900
40922
40343
40070
40825
40522
40910
40081
40319
40032
40962
40458
40706
40369
40229
40045
40262
40387
40166
40873
40186
40078
40034
40861
40577
40707
40559
40329
40643
40065
40561
40702
40132
40580
40650
40009
40935
40655
40959
40823
40487
40388
40366
40497
40782
40657
40290
40111
40914
40409
40773
40581
40644
40419
40847
40555
40968
40767
40658
40022
40751
40145
40936
40004
40296
40183
40480
40605
40589
40245
40401
40131
40315
40956
40795
40710
40853
40776
40747
40790
40446
40130
40064
40583
40080
40732
40105
40930
40842
40316
40159
40827
40679
40592
40681
40940
40423
40832
40469
40414
40432
40252
40425
40627
40893
40244
40625
40595
40328
40091
40920
40714
40606
40120
40455
40140
40236
40793
40299
40360
40925
40117
40231
40333
40181
40931
40503
40087
40615
40237
40138
40224
40796
40983
40624
40291
40396
40768
40241
40225
40545
40699
40168
40345
40356
40049
40359
40304
40325
40514
40200
40870
40858
40288
40634
40810
40685
40164
40856
40676
40813
40500
40254
40744
40218
40800
40104
40150
40704
40008
40109
40185
40436
40759
40519
40129
40688
40821
40103
40392
40337
40899
40540
40426
40529
40824
40927
40189
40570
40276
40740
40464
40608
40808
40928
40202
40594
40534
40553
40944
40517
40992
40852
40230
40173
40124
40891
40370
40979
40538
40923
40863
40879
40416
40385
40836
40725
40135
40686
40513
40806
40622
40809
40663
40708
40799
40960
40216
40404
40901
40193
40908
40400
40179
40945
40903
40212
40801
40822
40933
40082
40674
40160
40355
40918
40056
40997
40638
40998
40297
40600
40811
40946
40289
40889
40243
40978
40068
40351
40892
40610
40591
40637
40749
40155
40198
40390
40967
40286
40775
40099
40711
40197
40579
40305
40913
40849
40330
40582
40454
40654
40096
40372
40019
40745
40531
40976
40995
40532
40350
40058
40184
40504
40048
40106
40018
40016
40303
40501
40201
40257
40352
40905
40420
40646
40866
40479
40772
40178
40158
40302
40050
40754
40007
40551
40609
40421
40195
40430
40980
40307
40607
40283
40332
40033
40221
40693
40948
40052
40521
40102
40389
40083
40838
40395
40003
40357
40733
40354
40546
40156
40313
40407
40163
40258
40664
40932
40484
40266
40121
40765
40535
40792
40994
40934
40149
40965
40762
40505
40326
40568
40076
40171
40689
40544
40059
40213
40144
40715
40890
40459
40860
40746
40678
40620
40285
40826
40028
40926
40562
40835
40222
40629
40921
40097
40381
40523
40647
40206
40035
40684
40701
40839
40234
40989
40735
40472
40287
40346
40014
40141
40249
40442
40054
40915
40636
40235
40323
40738
40602
40618
40888
40084
40508
40533
40451
40098
40090
40954
40816
40209
40272
40771
40220
40845
40906
40043
40820
40039
40339
40964
40726
40722
40024
40727
40791
40282
40161
40069
40524
40912
40628
40428
40543
40670
40456
40265
40999
40902
40958
40963
40941
40146
40368
40780
40331
40071
40377
40764
40123
40445
40152
40530
40857
40077
40468
40041
40270
40013
40489
40549
40703
40741
40406
40475
40885
40108
40192
40668
40729
40025
40246
40170
40661
40194
40165
40924
40511
40550
40996
40817
40100
40340
40778
40051
40507
40798
40115
40493
40626
40408
40044
40238
40805
40128
40119
40639
40506
40334
40093
40881
40402
40143
40490
40300
40527
40666
40673
40223
40669
40576
40875
40268
40947
40734
40393
40255
40515
40961
40317
40975
40242
40564
40431
40499
40344
40072
40616
40308
40358
40127
40462
40365
40169
40079
40483
40758
40011
40916
40641
40887
40063
40612
40871
40862
40724
40021
40547
40950
40516
40558
40844
40157
40413
40785
40199
40386
40951
40623
40761
40601
40196
40295
40886
40696
40492
40175
40253
40110
40030
40444
40955
40403
40783
40133
40662
40457
40471
40830
40574
40057
40632
40190
40573
40101
40687
40781
40818
40786
40075
40539
40460
40089
40017
40311
40320
40154
40774
40394
40427
40525
40148
40671
40869
40872
40755
40557
40697
40829
40047
40640
40971
40281
40294
40690
40812
40552
40542
40878
40619
40986
40020
40126
40151
40770
40486
40172
40040
40012
40116
40293
40322
40692
40298
40247
40586
40438
40802
40473
40713
40541
40382
40465
40672
40974
40677
40566
40433
40556
40929
40943
40972
40153
40939
40614
40441
40452
40603
40919
40653
40953
40896
40310
40554
40353
40378
40439
40092
40712
40587
40804
40280
40763
40867
40917
40273
40348
40567
40391
40259
40883
40907
40301
40415
40743
40695
40787
40046
40284
40010
40736
40585
40227
40055
40855
40993
40321
40137
40005
40450
40752
40477
40271
40841
40973
40073
40750
40659
40691
40256
40571
40937
40705
40203
40177
40306
40988
40748
40335
40036
40718
40682
40397
40597
40667
40167
40794
40990
40312
40970
40584
40088
40894
40467
40114
40481
40578
40815
40642
40491
40938
40854
40261
40269
40683
40182
40113
40215
40094
40731
40086
40720
40061
40949
40789
40361
40865
40015
40162
40440
40002
