1484
1700
223
2594
2440
1203
3801
683
664
784
1543
218
2781
2983
182
2028
881
1556
117
2759
1920
3663
3347
947
1046
1833
248
429
2871
3054
40
1340
2221
1763
403
2369
156
1698
2786
430
2372
2234
1913
1637
3376
1867
1204
3317
3223
751
2652
2676
742
627
125
2650
1992
3081
2693
283
1382
778
1529
837
2352
1028
133
302
631
2952
1666
1467
1799
100
2342
2793
2337
507
1037
3735
3460
850
476
620
1262
3604
1843
1803
51
781
2368
3405
478
3365
3793
2875
3864
2059
2873
3988
181
1858
578
373
660
1672
2176
711
360
888
3990
2424
1806
1929
655
1776
1748
859
2136
119
2771
993
1358
3180
1211
3284
1287
3240
606
1721
1418
2748
709
785
1444
1435
2399
2584
2864
1565
2259
2325
3044
756
2750
2872
2800
966
1169
1828
3220
3941
3270
3983
2111
1906
3923
3069
96
2831
1990
1957
2579
1445
2935
3978
304
3143
3916
2366
2927
2891
3340
3543
2485
1568
3334
3666
1791
1480
1092
3528
479
384
3371
3725
1527
667
1108
889
2004
3060
1616
210
1501
72
3935
3320
1600
1928
3238
944
691
42
377
2010
2381
3997
219
3108
3318
619
2934
607
521
3904
2648
212
215
2500
903
1336
2877
3346
1413
1633
3714
3280
3934
3463
990
3343
1563
2292
3949
3925
2479
1136
1253
3248
1591
2956
1557
2463
879
3479
175
293
1942
3078
2446
3005
3576
3315
1268
3084
1012
3172
1638
3954
1182
3628
1433
2701
3690
1845
1834
1420
2553
2191
1708
1596
2826
2079
863
814
365
1106
3066
2349
2951
202
2393
3874
1617
1397
3352
3379
3522
2181
921
83
3872
1009
2305
823
2626
1245
3569
2635
3797
3715
939
1586
3037
3174
2406
622
2297
3088
1626
1901
2044
2614
1223
3553
3888
2324
1403
1025
616
3431
3829
2056
1134
3110
18
2706
1378
3626
3417
433
166
3198
3945
2036
614
2245
1739
1153
258
1177
2471
1112
2209
1488
2250
770
3629
1226
1076
2738
2869
3036
3059
3650
1532
967
3535
3327
3697
1406
3648
1371
432
1964
1129
1733
2903
798
3684
765
1443
2815
2686
3247
1055
1087
3263
1534
734
2612
2772
3538
2844
2976
2763
2562
1850
2597
3293
1603
3959
2139
1424
2874
3833
1003
2301
532
2049
64
3899
732
596
2442
613
3192
2151
3228
2995
257
1285
61
853
3295
3991
3755
1042
2835
977
2046
135
3186
899
2067
2539
461
2163
2713
1020
3093
743
475
1109
2534
1173
1593
3434
1176
3339
3217
764
2829
3482
3384
1520
3113
431
2838
276
968
2651
2263
818
2737
222
3999
3720
2043
1542
247
60
2294
1560
1289
3764
2616
1414
575
3818
290
1031
3561
965
3850
3961
519
3077
666
1734
1802
867
3847
526
3731
1805
3404
2998
2882
3281
1483
73
2824
211
3635
737
2849
1647
1229
1648
3221
3948
2051
2288
1065
1924
2636
2662
2603
1871
390
33
2583
1477
494
508
3807
3056
2879
880
3516
2690
1309
851
873
184
3823
2973
3283
1840
1539
1681
2821
1740
774
1278
2202
1104
2332
2643
728
1343
1035
2326
2231
1561
3778
1886
3693
1526
3255
2625
763
629
43
485
588
2629
2586
556
129
2197
270
3294
498
394
3740
2970
2736
3439
3013
2944
1202
3771
2033
3760
3092
454
2613
3091
923
2853
610
591
3736
1887
413
2270
3506
1115
2445
598
14
3035
624
1440
2224
3451
1207
2331
3004
1252
1197
531
1132
1242
148
1825
2367
1751
1644
2201
1916
1359
1729
1409
3377
623
3089
3984
305
3585
3810
3375
2494
3985
663
1286
39
207
1508
1882
3726
1704
2206
3873
1319
2088
674
3597
1396
3142
3008
2483
3615
3514
369
144
1081
2233
2387
3804
719
99
3564
1335
2071
3657
2762
1574
2920
3456
171
3957
536
201
2096
2467
868
2443
2715
1580
376
331
3234
3125
411
1059
1722
2724
2964
833
391
2103
1688
2524
1014
3809
2930
3540
1155
2489
300
962
2767
1614
733
3664
474
1482
2637
2547
3926
1282
2791
3489
1780
1612
682
443
3967
2663
2052
2281
1460
2068
3322
1788
1471
1657
3815
307
2914
1631
1201
3672
816
707
1549
2776
2198
3188
1570
1126
826
2683
986
3638
1693
2195
2228
154
2828
92
701
2907
865
297
2363
3349
3618
264
924
522
1079
3350
1320
2607
3101
2647
3919
3466
1986
1789
509
2364
30
407
1772
1581
3546
1768
2696
2858
1809
757
2910
1839
1021
2940
2602
3187
131
3014
2104
417
3275
2611
3369
142
2936
2704
2146
722
2277
254
2358
3708
2161
1456
2168
2644
2804
3643
2746
597
2030
456
2284
735
3849
3470
318
1664
2808
2272
914
2115
3414
1943
1844
3348
3413
2322
213
2839
3274
3744
1550
2267
503
2014
2208
57
3020
335
329
843
261
3536
1927
3707
362
1254
3165
2615
2836
2659
1673
2458
2716
720
326
2513
1950
1449
2971
1117
1007
3527
2243
2918
1902
2299
463
2229
2414
2214
1212
3068
996
570
3753
2785
3796
2732
2852
1864
52
2911
176
2492
1264
1975
1160
1070
397
1623
3249
2515
3530
1446
955
864
1455
2024
1584
1873
702
1267
1472
2427
315
2538
1569
2700
3443
1004
143
2694
1615
81
2042
1817
2173
1036
1441
2795
12
1742
3784
2351
356
1198
869
160
3579
2120
3749
3532
1877
2685
1123
128
2727
288
2705
2888
1629
3428
3335
687
1186
3306
2391
1496
2906
3017
3116
2266
3244
2123
10
1313
1685
422
3799
1430
2005
3550
1868
1606
2127
421
2338
3871
3824
3856
3028
292
1793
1922
3520
159
680
2890
2747
3747
105
2895
1753
189
1511
348
502
2126
2222
25
1384
2915
740
2339
412
2060
2102
441
3023
1348
2617
2621
235
2646
1620
1452
2714
1181
1609
1762
1013
1379
917
2249
677
3392
876
685
2698
878
3423
2608
972
2170
2162
981
1968
2077
1256
2645
437
1613
3117
589
477
2434
3841
2904
2661
2054
3918
2491
1822
3704
1402
973
2147
489
1816
1439
3362
38
2699
897
2969
3388
1053
3832
3075
487
1180
2619
982
3058
1855
636
2064
3606
3882
2461
3592
1367
230
1410
3469
3472
2409
2207
3623
1719
580
3127
3285
891
446
676
424
3301
3053
745
400
3364
3963
450
1133
2532
3719
3424
3838
639
1660
193
885
1938
1869
3921
1140
3660
3048
1861
3534
2226
2565
2812
150
2094
628
2656
1451
2854
3775
221
3086
651
2205
339
3420
3229
205
1337
2923
2580
697
1592
3325
296
1669
3727
2948
795
327
3390
2861
545
2037
2773
2112
704
572
3273
1149
2465
3287
56
3147
2633
1713
1907
1663
3920
920
1346
1395
2792
481
3114
1206
3982
1695
1230
3450
3772
916
3447
1114
581
2555
3762
3870
554
328
825
1989
634
1610
3939
3842
229
1870
783
2510
659
3300
3433
3308
2531
1551
1611
1318
3703
1538
251
3491
3480
1824
3063
3510
830
1668
1453
3279
364
2749
979
1949
551
3288
2376
3397
3996
21
776
22
2582
1767
675
1536
752
3515
2570
3915
2061
1039
3644
2794
2591
2153
684
1718
379
1196
3733
1988
1128
3396
1654
2774
1630
846
2000
351
2558
2542
2164
896
3572
3245
1736
3712
1880
1923
1804
822
3599
2144
1102
1588
2320
2675
1876
1954
2447
1696
2271
2481
2585
140
2460
3639
3363
3416
547
3975
958
910
425
2557
2023
3759
1045
2121
1228
448
2598
2859
1301
3123
1431
3787
533
1714
3834
3798
1717
2707
2300
3751
3821
792
2573
1891
2469
3608
3212
1892
2520
393
2264
2726
1947
1635
3050
2682
649
1754
730
1963
1519
2545
3665
3373
1821
842
1083
3545
1249
3003
2640
462
2296
542
3964
529
2968
1808
1656
240
3026
2860
1172
3702
108
1458
3738
2188
204
1272
3695
2609
2417
1210
2274
3475
320
1807
3583
1476
1308
1142
2302
2581
483
803
2430
2548
1457
3021
3415
1810
110
3355
2578
3680
2441
2045
2400
1010
3589
959
1391
2508
2735
1572
1935
2251
116
1387
998
2519
2213
2008
794
2122
2265
3277
1248
1608
2528
3052
922
2710
383
941
3268
1558
1583
3861
2285
3237
585
3652
2924
654
847
2535
3730
200
2506
1416
2880
1758
1057
484
887
2116
2190
385
2543
1878
3675
2708
2986
564
134
820
3646
2876
3931
2232
1773
1075
2813
1518
1503
1955
2593
1208
716
2775
1553
32
3272
3338
2691
3128
2025
3980
2575
1215
15
3206
3354
1392
2950
708
2851
332
2665
1725
1692
1138
1915
344
3200
750
2062
1995
1091
1442
217
594
3998
1127
3868
3906
1386
3133
1275
1356
438
1679
2807
568
1689
3929
3624
2057
1634
3728
3737
1948
3705
298
214
1266
1290
1056
1052
1168
3881
2404
3965
80
1412
686
1627
3596
549
2667
1270
1448
937
2809
1432
1842
650
2405
1771
3758
2766
2885
3265
3698
3700
813
2780
2269
1394
216
2083
2898
1883
2509
2389
2210
2082
3594
2247
3155
3276
2595
46
1984
3271
180
2516
1005
3191
3231
2963
1489
3194
1579
2649
590
3631
63
1966
960
2365
2855
3464
989
1461
457
1474
3917
2256
3222
3214
991
2074
3662
1321
3484
124
1904
2992
2318
1417
2177
1291
28
311
1237
1333
3630
2390
934
3242
3067
1
86
2438
2421
3289
1124
1727
3316
2901
3766
3292
2375
3122
1261
612
1671
2669
3721
2453
3761
1691
3403
2397
2511
1120
9
637
2529
2407
225
775
493
2235
2411
933
1158
3230
500
2346
772
2568
1781
713
3496
353
3243
490
3361
1119
626
2959
3492
3170
3971
3822
1224
2100
2107
1594
1837
978
1931
1934
3213
1372
170
2278
2175
2246
1874
946
2610
153
460
890
3614
815
1667
1194
1930
3408
849
29
2493
1967
434
3610
1860
1250
2291
3485
908
2268
2084
3145
3176
1347
3718
2946
3846
653
1618
1297
1587
1475
3863
1726
1607
387
1368
727
2827
2563
333
3955
2993
2001
1856
3062
2753
646
3260
3473
2182
3254
3442
1258
2589
3593
2466
2622
2304
3153
1598
2455
3100
2559
294
3677
1847
679
2551
2248
2282
971
1090
898
2798
3852
780
427
340
3581
505
1997
2141
3129
168
1650
77
786
1312
3641
2086
1493
1243
2541
1096
2431
3970
1088
191
20
1002
3682
3303
2093
2192
1310
779
3250
2186
224
1784
3642
3884
104
749
2171
2276
2242
1251
277
3168
227
3582
1400
2823
1162
791
3233
2433
1101
1077
1849
988
759
2526
409
587
3132
1434
2996
3590
370
2739
268
1376
731
1401
621
3504
3166
1170
513
2546
3144
782
3912
1552
845
3402
1345
2670
1702
2484
1447
875
3173
1116
3422
1522
392
3924
3087
2457
2588
1670
804
1774
1521
2868
1712
2711
2916
2972
643
3659
945
1749
2459
773
3366
2782
2722
3746
3378
3291
2439
3683
3973
3201
3745
1311
278
3580
3779
3457
3688
644
3211
1147
648
406
1492
2321
2790
2456
3674
3104
2273
177
2498
641
1697
2110
2913
1642
2741
3382
3686
2095
1427
452
301
3042
1393
3605
1231
2571
761
1437
1016
748
3898
1757
3080
2507
2377
1006
3139
2444
1017
1659
565
3072
111
552
788
3160
2974
2657
3209
1157
512
2754
2887
2564
2078
1507
1786
132
3951
2922
1295
3547
2802
2280
1240
1061
2451
1766
1835
3310
1971
1163
357
2223
3016
3202
3942
2554
2410
1732
206
3169
2623
755
3994
1049
1324
1678
2503
3076
2293
976
3617
2560
1798
1151
3694
2275
3342
1953
93
3837
718
1632
497
1655
2841
1875
3432
930
3159
2514
1232
243
6
3909
8
234
656
1888
1429
2118
2842
2856
2006
1463
410
3383
346
3225
1481
1292
3298
2323
3319
1554
3742
122
249
1118
928
3830
1946
2525
3853
3499
2159
2307
3232
266
1952
1829
3886
3471
1462
3381
89
1720
91
2769
3802
414
3111
2967
3790
1972
404
418
1731
3835
2569
2552
573
800
1141
2601
504
1353
1389
1110
1628
1676
172
571
2899
2174
2985
808
871
1125
2846
274
2449
3098
3548
1066
3241
1918
3459
3879
3892
1067
1921
511
3777
2204
3633
2487
3857
1908
2002
1099
2343
703
255
3047
1217
3360
3033
284
3670
2114
115
2817
3636
874
2211
3986
1073
3102
964
3290
824
402
48
2145
949
3427
2740
2892
2432
136
1144
161
1993
262
3893
3257
2334
2148
469
2462
3119
2908
3651
3090
566
2702
359
2017
3673
3613
1533
2098
389
3024
3001
3524
313
1044
546
2253
1510
1380
534
2283
1750
3389
3030
3932
3031
101
3609
1716
2672
1885
1015
1862
2021
3839
2664
2653
1759
203
2065
2796
883
1884
3889
1468
338
828
3246
940
2295
279
1747
2244
3655
1048
3867
341
2550
3195
2596
3040
1890
2312
699
3043
2423
1541
2395
3625
943
1364
137
1854
1276
3671
399
1342
1982
2641
2778
2840
665
1381
1302
1370
208
471
2398
3216
183
3803
969
2383
1450
2435
2723
34
1960
1241
1936
3584
1213
861
2909
681
3883
74
1846
1330
1355
3875
3311
3336
569
113
1040
603
1582
560
3972
363
872
834
1425
3065
252
3995
3437
2953
715
375
1139
3440
2810
1783
3789
3312
2185
2919
439
145
141
1361
164
2097
3750
1024
1161
2408
1322
3600
1857
1743
694
3958
1043
3038
1709
1426
68
1641
3689
1564
553
673
1205
1317
3551
3395
378
275
1146
671
2605
3095
2335
267
3911
1271
2949
1694
3330
3819
1385
987
3895
152
1589
3055
367
75
3854
2066
3901
1848
3351
544
1933
2668
543
2490
3215
1559
911
567
3467
2818
642
1314
3928
1509
3236
3253
1326
1909
2937
23
2359
2255
44
3505
2319
3560
1279
810
3493
882
1470
1085
1896
1513
2476
3309
2954
1815
744
157
1571
2105
3083
2013
1524
1354
1831
3096
2789
2361
3713
1723
2527
11
2680
1273
3332
698
695
2478
1338
3167
2315
2257
2155
1041
1192
2472
2218
24
2999
1537
714
1071
1344
244
2932
836
1284
2630
2012
3461
453
337
256
3542
1746
725
1388
499
3578
3006
3256
2353
948
3264
2865
3333
3794
3724
819
2862
1801
138
802
2019
1422
858
538
1544
3302
2063
3107
548
1350
3851
199
3163
3224
1062
3701
3678
906
3204
1601
3269
3476
2129
3358
1903
3458
2053
3498
1832
2215
167
1962
3205
1974
3927
3421
550
762
316
3811
1852
3645
615
109
2931
1777
938
3950
3791
2679
1577
1306
482
915
1178
2011
2590
3010
2348
310
3894
1225
2149
3444
601
767
3120
1331
2592
2133
856
747
2428
371
3792
927
2517
3509
3304
1684
2403
2819
4
3922
952
929
1390
3976
2764
2137
3848
563
1499
242
3757
2893
2055
3754
670
2169
3490
2317
1307
758
1979
3855
3278
1819
2881
3878
2303
1247
892
2897
2980
3517
555
2306
1089
1981
3455
2032
2020
840
1851
2212
179
3782
1994
3595
1027
2928
3563
537
1622
3825
2073
862
2975
1187
26
1375
1675
1491
662
173
2537
1730
3411
2106
322
3531
1325
2577
1512
2751
1976
2081
2830
2688
2360
1305
3164
2298
1590
1246
3974
652
3814
1100
2942
3137
925
3669
2416
2370
85
449
3282
2843
3251
1283
192
517
2833
2426
1998
2870
1487
3552
3723
1257
2799
1219
495
1752
1599
3896
3962
1145
1505
2984
1214
2530
1360
45
1680
2072
486
3691
2961
428
2015
3667
3041
2504
165
3513
3219
308
2825
3435
59
1022
1051
3910
1760
2674
2311
693
415
2988
2544
419
2760
146
231
1761
1779
3947
312
2902
1619
198
314
3368
3979
618
41
3562
2684
2822
3109
1171
2886
3989
3570
1464
1029
94
2396
1567
53
1504
3588
323
754
3880
2091
1895
2289
2034
3134
1956
84
2982
3094
1970
793
1281
1737
1900
1383
2866
2219
2576
918
2132
2450
647
746
197
2925
1498
1707
3952
1363
632
1983
1200
2357
3914
1490
3299
253
186
592
518
3993
3468
350
188
1334
1143
3181
1686
2496
126
3537
2863
2194
3400
260
640
3503
997
1404
1315
577
220
3112
2237
118
3
710
2026
3960
2347
1531
67
241
1701
2797
2236
1502
2604
3162
1175
1255
2452
3136
3992
1233
1775
729
562
984
1269
3908
3226
3328
1973
97
854
3367
3860
696
3748
309
3573
2217
2314
2743
741
398
451
1328
2642
2671
2379
1562
724
1652
2561
2631
3557
2254
2499
2203
3385
2787
951
1105
1728
1830
3813
884
3616
55
1919
1682
2938
3567
2556
605
151
956
1097
1800
1866
2720
2991
2354
69
3627
2101
50
49
3124
3438
1535
2997
459
2660
1165
2620
374
2199
3845
1756
368
766
3568
1985
1653
408
246
1473
1945
3197
2697
844
2965
343
2926
2356
1365
2917
3353
1294
3359
2574
1741
2345
1415
250
1710
1980
3079
233
3933
3565
1260
289
2962
3722
2035
2943
1199
35
285
1063
1026
3607
3843
907
3679
2464
1084
147
3394
3425
3070
317
3085
1914
3386
3826
2031
1103
1595
894
905
931
514
324
3619
1239
1494
2912
3717
1135
3138
2386
1530
488
2309
2131
2848
1961
3380
3370
1407
1636
1912
3372
1738
3326
777
599
3357
706
2385
287
540
3541
187
1645
3969
259
2929
3844
1865
688
3558
2419
3419
3135
2777
464
1303
3897
1978
1516
1098
2955
2755
936
98
3481
2717
87
2058
2567
738
1893
281
388
209
3064
1573
2523
2989
1525
3930
2184
586
2606
2981
3956
236
932
106
1288
2628
2939
1548
66
1958
1341
1366
3640
2712
2883
3032
1080
466
1191
3768
2470
70
3699
2475
2941
3685
3696
17
753
1156
1969
358
3763
2087
3681
158
195
980
1820
1872
190
1604
2240
3082
3297
149
286
3151
13
3756
3966
1683
953
604
2308
3410
561
1280
265
1362
3465
1236
2016
1274
3130
1540
3571
3529
1189
3518
239
576
2655
3483
2719
721
886
1209
3519
3027
1944
3632
2029
78
1130
2832
1517
2536
3521
1787
3149
1436
2448
2336
3862
90
926
1575
174
669
1841
2905
3452
3199
163
535
1677
3045
3891
2382
3011
3544
1796
1545
3622
3808
2788
27
3739
355
2340
2960
661
2742
2627
2632
3533
1706
2134
1996
2900
2512
3183
1898
1811
3637
3449
3566
3074
2505
1932
1699
1755
2135
789
2355
3649
3049
3831
2945
2401
736
3885
1881
1769
334
3218
3331
593
975
3752
185
1034
3780
3099
303
595
1911
954
2468
3575
994
1687
2477
3905
3858
2167
455
3741
2050
2681
1107
3454
1515
440
790
1745
2730
382
558
3710
1705
3574
3554
3227
3907
3586
245
3019
817
1899
1690
539
2125
2220
3729
1374
401
2394
2847
2027
1465
325
3913
3203
3494
1419
1724
579
2572
1369
860
950
3171
2768
468
372
806
1184
3258
3795
3356
1190
470
3018
3305
1605
3140
2007
760
3190
2474
771
3061
1578
2193
2418
3184
1897
1889
1879
1349
1428
909
2388
2599
2089
3046
974
1094
3313
3601
1074
3647
3239
162
1137
2834
690
2378
3412
1167
58
3769
877
3602
1316
2165
1019
2436
3391
1794
2179
574
3387
2330
1987
3968
3029
3121
2009
2230
3774
1221
3146
2933
2878
2666
2480
3329
2241
1050
3152
2756
123
361
583
238
2178
857
2728
37
2124
3734
1658
2987
1058
3178
692
82
1183
1894
95
1646
3401
295
1999
2752
3900
1113
841
435
633
2978
473
3827
3658
2187
2189
630
349
1339
1651
1357
1940
76
2313
2437
3668
895
2380
1514
2811
2109
420
3869
1373
3877
1093
3559
2814
2721
1486
617
3817
1959
380
805
2374
2143
827
1674
2486
2290
71
3261
600
3182
2745
3944
2286
2692
2497
1711
3097
985
19
2279
2384
2744
1244
3656
2770
3393
3207
3179
2761
1131
2765
16
1662
2518
2779
2977
3512
1566
3903
442
2157
3806
1078
3235
1235
386
3508
1033
3441
2488
1352
801
1454
1859
3767
893
821
1469
2731
678
1218
342
668
787
2216
65
582
3266
726
2117
839
2128
2080
3426
866
1547
2258
1495
3430
3025
0
347
3776
1951
1064
1661
2990
1222
3936
2884
3323
3196
2566
2142
496
2130
1621
524
3286
2801
809
120
2957
1423
1023
2138
3399
194
1193
3406
3865
7
1121
1917
127
3711
797
3158
1411
1216
2371
3193
2344
3890
2350
3477
1528
2889
2113
269
1863
1643
352
1478
1179
1905
2225
1826
178
2327
2845
3539
2227
2677
1597
1032
1008
1497
1408
1790
2803
3876
2085
54
559
835
1068
319
472
3103
2894
62
444
769
1555
3478
3189
689
3716
2758
1795
852
635
1624
1991
3418
2328
2261
3940
1299
1323
2048
3525
2687
768
516
1111
3612
723
2638
832
3937
902
3073
901
855
645
3210
528
3511
1018
1030
3157
436
2362
1265
1174
658
3500
299
2200
2238
1836
3634
1770
1398
2600
2262
2703
1000
2069
31
2805
1765
492
2820
2618
445
3115
2654
1764
3015
1602
799
2734
2420
280
1296
1152
527
935
625
2152
272
196
2521
3987
520
2816
812
3118
2966
2260
2316
2140
1185
2806
1479
1506
232
3177
396
963
88
1546
2092
1703
3409
3436
1154
1399
1585
1926
2412
705
1095
3946
3007
1838
2150
3743
2502
2979
1122
1827
405
3039
3902
983
2947
1665
2183
2310
3953
426
2634
5
2040
2392
501
2495
515
3154
2958
2373
3981
381
273
848
1778
3816
3156
1910
3773
3487
2047
796
102
523
2156
3770
2119
1823
557
1421
602
3012
47
366
1351
3526
2166
2850
3938
913
700
3836
3150
2896
3577
3474
3549
1277
3267
970
1925
416
3654
3621
2994
2639
480
2154
1438
1523
291
1625
1054
3587
530
995
3497
2725
3307
838
3866
712
3106
1377
1405
130
354
79
829
2678
3259
3407
1576
999
3057
36
3598
3105
638
2158
3344
3345
1038
1977
103
1304
2108
525
1941
541
1735
107
2070
672
1011
1814
2333
1744
2783
942
2090
1300
2784
3175
608
2718
2
1639
2252
112
1188
1001
1159
3141
3453
3603
3555
2733
3321
2022
3486
1298
1227
3676
1937
2075
1782
237
458
3126
3131
1195
1082
584
1238
2658
2501
1072
1166
1263
831
3943
717
1332
3296
3781
3732
155
336
1047
2003
3009
506
961
2429
1259
657
3840
2587
904
2425
3706
139
2413
2482
2673
1164
3785
2039
3495
1329
3687
1466
957
3828
3161
611
2287
3501
395
1792
3446
1485
3887
3462
423
1500
1813
3502
1293
228
3977
3148
3071
2402
1818
2415
2837
3661
3337
3445
2533
609
1069
121
2921
811
2540
2857
1459
2454
3051
3314
3488
2329
467
2180
3034
226
3859
169
2757
3788
330
2160
282
2522
3002
1785
1965
807
870
2076
3507
2196
345
3523
3812
919
3820
3185
2689
3208
3765
2239
912
900
491
1797
1939
321
2624
2172
3252
2018
1086
1640
3448
2038
992
2867
2422
465
510
1220
2549
1853
1715
2729
3556
3805
3783
2473
2341
1150
1060
1649
3374
3000
306
271
2099
1812
3709
114
3429
3653
3786
1327
3398
3341
447
2695
3022
1148
3692
263
739
3620
1234
3591
3262
3611
3800
3324
2041
2709
10000
10001
10002
10003
10004
10005
10006
10007
10008
10009
10010
10011
10012
10013
10014
10015
10016
10017
10018
10019
10020
10021
10022
10023
10024
10025
10026
10027
10028
10029
10030
10031
10032
10033
10034
10035
10036
10037
10038
10039
10040
10041
10042
10043
10044
10045
10046
10047
10048
10049
10050
10051
10052
10053
10054
10055
10056
10057
10058
10059
10060
10061
10062
10063
10064
10065
10066
10067
10068
10069
10070
10071
10072
10073
10074
10075
10076
10077
10078
10079
10080
10081
10082
10083
10084
10085
10086
10087
10088
10089
10090
10091
10092
10093
10094
10095
10096
10097
10098
10099
10100
10101
10102
10103
10104
10105
10106
10107
10108
10109
10110
10111
10112
10113
10114
10115
10116
10117
10118
10119
10120
10121
10122
10123
10124
10125
10126
10127
10128
10129
10130
10131
10132
10133
10134
10135
10136
10137
10138
10139
10140
10141
10142
10143
10144
10145
10146
10147
10148
10149
10150
10151
10152
10153
10154
10155
10156
10157
10158
10159
10160
10161
10162
10163
10164
10165
10166
10167
10168
10169
10170
10171
10172
10173
10174
10175
10176
10177
10178
10179
10180
10181
10182
10183
10184
10185
10186
10187
10188
10189
10190
10191
10192
10193
10194
10195
10196
10197
10198
10199
10200
10201
10202
10203
10204
10205
10206
10207
10208
10209
10210
10211
10212
10213
10214
10215
10216
10217
10218
10219
10220
10221
10222
10223
10224
10225
10226
10227
10228
10229
10230
10231
10232
10233
10234
10235
10236
10237
10238
10239
10240
10241
10242
10243
10244
10245
10246
10247
10248
10249
10250
10251
10252
10253
10254
10255
10256
10257
10258
10259
10260
10261
10262
10263
10264
10265
10266
10267
10268
10269
10270
10271
10272
10273
10274
10275
10276
10277
10278
10279
10280
10281
10282
10283
10284
10285
10286
10287
10288
10289
10290
10291
10292
10293
10294
10295
10296
10297
10298
10299
10300
10301
10302
10303
10304
10305
10306
10307
10308
10309
10310
10311
10312
10313
10314
10315
10316
10317
10318
10319
10320
10321
10322
10323
10324
10325
10326
10327
10328
10329
10330
10331
10332
10333
10334
10335
10336
10337
10338
10339
10340
10341
10342
10343
10344
10345
10346
10347
10348
10349
10350
10351
10352
10353
10354
10355
10356
10357
10358
10359
10360
10361
10362
10363
10364
10365
10366
10367
10368
10369
10370
10371
10372
10373
10374
10375
10376
10377
10378
10379
10380
10381
10382
10383
10384
10385
10386
10387
10388
10389
10390
10391
10392
10393
10394
10395
10396
10397
10398
10399
10400
10401
10402
10403
10404
10405
10406
10407
10408
10409
10410
10411
10412
10413
10414
10415
10416
10417
10418
10419
10420
10421
10422
10423
10424
10425
10426
10427
10428
10429
10430
10431
10432
10433
10434
10435
10436
10437
10438
10439
10440
10441
10442
10443
10444
10445
10446
10447
10448
10449
10450
10451
10452
10453
10454
10455
10456
10457
10458
10459
10460
10461
10462
10463
10464
10465
10466
10467
10468
10469
10470
10471
10472
10473
10474
10475
10476
10477
10478
10479
10480
10481
10482
10483
10484
10485
10486
10487
10488
10489
10490
10491
10492
10493
10494
10495
10496
10497
10498
10499
11791
14835
12325
13672
11182
11195
12760
13247
11595
12548
12597
14572
13943
13302
13269
14387
14159
14180
12503
13758
11953
13490
11742
11286
11273
11001
13911
13226
11665
11249
14894
14303
13525
12441
12216
12128
12504
14941
12408
14617
13324
13614
13770
14986
11375
13783
11611
13637
11660
13069
12512
14923
14961
14702
11241
14937
13949
11844
14627
11208
13854
13494
14268
11080
14841
13098
11736
14955
12685
12187
13617
11955
11598
11818
11319
12324
12194
13963
14043
13529
14266
13256
11874
12261
12050
11623
13308
14567
13288
13599
12843
14167
14445
14870
13450
13940
12589
11735
11785
12358
14742
14667
11329
11168
14863
11372
11556
12808
12728
12048
11998
11331
12921
13370
13656
11633
11616
13083
11784
14819
13428
12264
11555
13040
11886
14580
13032
13905
13172
11846
14117
14147
11448
12663
12228
14230
13179
13114
12632
11051
14546
14084
11969
11650
13088
13537
11781
11847
12558
12198
14143
11783
12287
14467
12421
13489
13548
14054
13389
12514
11186
13756
14732
14847
14049
14220
12444
11308
14002
12614
13398
11335
11926
11066
13245
12318
11630
12747
13411
11826
11013
13146
13518
13920
12254
11136
13395
14874
11684
13593
13431
11361
12698
12489
12517
14370
13561
11560
13466
12818
13602
12765
13132
11027
13620
13981
14374
13717
13533
13202
13914
12381
14290
12531
13527
12559
13009
12586
13119
11121
14098
14811
11147
14135
13368
14960
13390
11184
11144
11946
14474
12131
14260
11931
14553
12793
11655
14849
14443
11498
11675
12192
12380
13757
11768
14157
14341
13744
12288
11731
13123
14878
11565
13781
13998
12472
12083
12077
12891
12979
13455
14151
11722
12061
12090
11399
12932
11277
12505
14684
12600
13821
12736
12567
11135
13347
11766
14689
14320
11289
13499
13780
12582
12527
12741
14833
11176
12779
14039
12476
13545
13204
12722
12827
11464
13227
11624
12403
11028
12110
14351
14665
12675
13768
11811
14800
11345
13917
11600
14714
12952
11171
12836
12000
13724
12181
14070
11676
13396
13176
12590
14697
13387
14568
14507
11841
11971
12912
13846
12207
14148
14758
13052
14371
11170
12311
11332
14698
11770
13957
11200
12507
11800
14330
13454
14576
14555
12237
13741
13444
11282
13234
14653
13229
12540
14532
13478
14327
12043
13006
12892
11838
14144
14516
13803
12004
14482
14361
12990
13224
13610
14494
12897
13729
14921
11733
11338
12845
13679
14383
14470
11709
11927
11803
11821
11507
12081
13723
11878
11585
11473
11923
13318
11614
13839
13208
14011
11908
12416
12409
14916
11412
14850
11256
12670
14319
11732
12232
11472
12116
13439
11255
12856
13254
12763
11190
12784
12989
14077
11057
12313
12488
14169
11479
12461
13503
13438
12841
11116
14809
12900
14704
12810
12355
13624
14967
13030
12067
12397
13263
12487
13930
14142
13908
13327
14321
12305
13565
12114
11183
11584
11251
13642
11973
14777
11246
14867
11834
11301
14906
11552
11671
14647
13233
14175
14654
14929
14337
11290
12702
11678
12373
11164
11717
12152
13351
12045
13989
12859
13840
13149
12176
11628
12038
14017
11825
13171
11780
13335
11514
14601
12334
14235
11562
11211
11330
14051
12119
13480
14001
13977
13050
11374
12299
13311
12571
14645
11954
11026
13696
13260
12976
12877
13410
13423
11601
14520
14571
14141
11690
14312
13193
14385
13153
14478
14831
14422
13552
14424
14193
12432
11292
12209
14094
13623
11864
11982
12620
12782
13244
14041
13505
13457
13884
12101
13334
14596
11764
14682
11163
14593
13413
13945
14336
13296
14435
13086
13388
14187
13068
13749
11715
11474
13996
13601
11169
12885
11306
12643
12360
13211
12037
14537
11535
11820
13944
11767
12790
12197
12060
11430
13198
12807
12592
13379
12238
12602
13239
14028
13799
13165
11748
13261
11592
11807
14172
11239
11145
12737
14635
13815
12757
14466
13967
11415
13017
13102
13276
13850
11769
12745
11580
12451
14228
14625
12949
11019
13162
11218
11156
13094
13860
11103
11373
12824
11899
11640
14866
11570
12739
11866
12376
11263
14358
12513
11691
11651
13346
11385
14927
13609
14116
14052
13588
13035
14548
11300
14034
13648
13616
11670
14798
12553
14722
12132
11070
13175
13798
14652
14930
11646
14681
13543
13766
14858
11839
14455
11187
14778
12402
14131
14671
11298
11933
14165
11483
11198
14668
14177
11159
13777
11575
11029
13857
11962
11830
14447
14600
11739
14599
14388
12761
11421
11867
13515
11940
12386
11515
12671
13772
14845
13923
11760
14344
12294
13082
12669
12556
12236
12684
14595
11450
14764
13698
11857
14468
11486
13578
12017
14326
12939
11916
11621
11393
12995
14181
12769
14311
13433
11072
14965
14946
14687
14508
11495
13928
13023
14701
11827
14269
11091
13889
14219
12490
13242
12562
13403
13238
14134
12852
11475
14126
12303
12135
11520
12656
13264
12226
13223
11342
11489
11804
14623
12535
11178
13435
12494
14222
13277
14939
11033
11274
11799
12147
12422
13286
14827
11442
12705
14008
14664
14381
13554
14695
11133
12551
12492
12094
11508
14007
13404
12947
14026
14692
14281
13955
11917
12652
11485
11045
12992
13999
14903
11702
12307
14657
14425
12443
13487
14297
14812
14431
14604
12391
14176
12706
11073
14760
13342
13825
13689
14934
11776
12560
11890
12500
13344
13225
12388
13074
13948
14022
12477
13885
14820
12223
12011
12879
13072
11647
13355
11179
12102
13253
13201
14368
13976
11439
12893
12467
14315
13130
13862
12342
14509
12016
14223
12195
14040
14448
11236
14246
11589
14113
13482
12130
13888
11981
14911
14097
11325
12520
12959
11030
13819
11344
12645
12890
14931
11341
13573
11631
11893
14074
14755
12867
14775
11113
12349
11913
14190
14565
14100
14767
12108
14936
14107
13257
12826
14502
14753
12144
11167
14907
14730
12518
12541
14589
14242
14888
13157
13221
13734
13613
13131
11048
11185
13739
11757
14198
11418
11090
13824
11225
12833
11638
14376
12654
11904
11511
13298
14394
12528
13352
13653
11737
12093
13407
12641
13918
12882
13859
11730
13285
12084
12206
11434
12029
13079
12171
13122
14914
13667
14128
14154
12943
13760
13581
11758
11131
11451
13426
14289
12623
14649
12775
11545
14237
12028
14127
11216
12012
11465
11068
11578
13965
14983
11506
13950
11976
13150
13695
11388
11096
13496
12462
11909
14329
14350
14718
13310
14541
11922
13901
12250
12794
11564
11751
14021
13295
12400
13954
12508
12829
11363
14105
11500
11590
12235
12642
13394
12089
11694
12634
13509
14648
13051
13986
13641
13077
11950
13064
11502
13848
14957
14411
14450
12629
12033
14674
13684
14188
12603
13927
12599
12309
11797
11126
11861
12448
14053
12809
14968
11426
13026
12066
14799
11279
14399
14830
12783
14865
13250
13538
12639
14796
14803
13273
11392
14791
11379
14675
13649
12650
14037
11814
13248
14821
12005
12750
13817
11134
13029
14926
11313
13408
12032
12984
11695
14089
14569
11100
12832
11544
12727
12379
13266
12069
12936
11245
12220
11395
11887
11990
11404
13566
12474
12190
12075
13022
13267
11209
12282
12097
13462
11934
12019
12354
11493
14504
11948
11471
13183
11727
14338
14547
11084
11447
14588
14038
14859
14750
14045
11032
13232
11606
12315
12787
12748
13786
12013
12658
12958
11881
13196
12347
11582
13463
12170
14938
11859
13271
13024
12387
12359
11894
12157
11914
13484
14377
14557
13212
13299
13418
12533
11543
14943
13453
13728
12910
14171
12965
14715
13788
11350
11549
13519
14802
11708
14634
14437
11310
14152
11726
13972
12876
13902
14252
12178
11487
11061
13216
13660
12404
11548
12715
11023
11949
14257
14372
14433
13586
12997
14401
14166
12430
14189
13384
11297
11476
11530
14554
12681
14902
12252
11269
14102
14538
12569
12740
11938
11201
14756
14212
12056
11853
12678
14199
11960
13089
14145
12244
14293
14099
11656
13281
12372
13874
13174
13116
12010
11921
13579
12105
14823
14375
14768
11166
13903
13814
12002
14876
13127
12071
12768
14650
13873
11407
11206
13199
11895
13549
12693
12626
11356
12427
14805
11353
13553
14183
12454
14787
11942
11016
12439
14378
12389
11174
14678
12762
13868
14389
13558
12887
12034
12076
11997
12117
13603
13562
14221
12329
14506
12598
14969
13845
11098
13681
13701
13626
11056
11106
11394
13305
12096
12988
11884
14879
12485
12345
11686
13228
14754
14498
11652
11668
13488
14932
12926
12103
12184
13236
14693
13259
12256
13752
11270
12788
13893
11753
11089
14201
12593
12007
14807
12348
14573
12927
13321
13771
11642
12811
12385
13881
12337
12265
14294
11320
13391
14168
13243
12804
11579
12718
14899
12636
13049
11569
11557
14829
11561
14124
14614
13991
14915
13481
12962
11979
13953
11620
11477
13535
11390
12333
13886
12855
11576
12716
14075
14156
11221
11141
11619
12450
14058
14121
13417
14442
11378
11519
14073
14659
13932
13878
11455
14195
13501
13704
11238
11808
11773
14227
11663
13300
14495
12440
14950
11039
12471
14324
14444
12453
13847
14226
12168
12730
14477
13526
11389
12969
13594
14713
11936
14991
11499
14178
13834
13383
11328
14638
13262
12884
12233
13359
12319
11433
11364
13059
12412
12655
14343
14539
13097
12234
12414
11370
13055
12407
12127
12204
12752
12672
14784
11900
14206
11278
14846
11034
12805
11779
13532
11856
14973
13692
12394
14706
14365
14641
14892
12304
12595
11138
14060
11610
12196
12356
14752
12753
12496
13929
14273
14261
11852
14883
12817
11747
13746
11790
11010
14728
13337
13796
14814
13720
13500
13612
12719
11467
14262
11897
13117
13727
12786
13520
12118
14086
14179
14396
12688
14009
14505
11964
13427
14366
13961
12411
11983
13042
12199
13317
12469
14925
13047
11044
12148
14729
13767
14583
12166
11258
11436
11368
12425
14884
14745
14417
12447
11024
12449
11079
14963
14959
14409
14797
11513
12657
14122
13942
12853
11828
11977
14397
12999
11128
14781
14518
12621
14862
12129
11317
13605
12424
12950
11992
13219
12310
13987
14786
11984
12647
14855
12365
14761
13115
13290
12464
12064
11386
14354
14801
12008
11401
13361
11223
14622
11566
12420
13994
12631
12419
14780
14848
13207
14463
13357
12707
14095
14656
12837
11007
14534
11563
11040
12314
12789
12918
11941
12703
14318
14877
13409
13095
12975
11271
14731
12460
12743
14981
13590
11334
13309
12676
11035
11829
11869
11321
12213
11581
14441
14215
14379
11711
12938
11693
12563
14055
12088
13507
12177
13365
13598
13745
12398
12262
14891
14947
12024
12755
13268
12079
12295
14412
14164
12873
12251
12574
14280
14676
12854
14978
11276
11480
13921
12405
14108
12362
14824
14540
12020
12257
11280
11968
12772
13544
14597
13563
14511
11165
14062
12054
14217
14015
12162
14160
11703
12609
13283
13356
11112
13540
14984
13103
11148
11762
13314
12350
13658
13458
12713
12049
14747
14214
13133
14705
12133
14792
14000
14047
12925
14594
11497
13039
14101
14347
11961
12991
11410
12797
11058
13564
14624
11806
11431
12509
12840
13719
12954
14751
14170
12924
13644
14275
12044
12751
13160
11099
14958
14093
14979
13634
13809
13797
12723
11047
12036
14562
11659
13985
12169
13876
12916
12343
11789
13182
14249
11862
14012
14995
14556
11177
11240
13829
12659
11541
14738
12374
12210
12062
12816
13569
11738
13665
12942
13252
13990
11989
14490
12158
11261
11355
13607
12215
12785
12052
14024
12092
14549
13066
14636
13849
11697
12749
12222
12322
12214
14090
13360
12486
13673
11108
13755
14977
14613
11714
11571
14186
11343
14295
12082
11716
12179
11262
13606
13536
13872
11075
13163
13197
12087
13011
11957
13694
13856
11755
13869
12933
14439
14259
13113
14346
11626
13173
12622
11062
12612
11634
13807
14339
11469
11685
14677
13776
14402
13004
13926
11608
13460
14832
13218
13731
12219
13560
13166
14059
11617
12720
13014
13161
12431
13858
11000
13121
11316
13506
12710
11197
11322
11774
14868
13331
13003
12003
13645
11052
13008
11744
14405
14842
14393
12027
14966
14014
14949
14840
14460
12667
11411
13129
13483
11528
11700
11173
14430
12382
11012
12068
14976
12107
12610
12849
14719
14679
12370
12831
13120
13674
12521
12994
13979
13995
13894
12275
11622
12189
11929
12231
12098
13748
13761
11503
14042
13655
12057
13582
12085
13461
14980
14857
11137
11291
12648
13392
13909
13801
14013
13282
12971
11488
12073
12881
12987
14304
13111
13015
12042
11944
11304
11706
14497
14909
11707
13440
14125
13693
12155
11207
12134
12839
13425
12378
11527
12851
13393
13732
13274
14322
14672
12872
13400
14471
11524
14912
13019
13045
12022
13615
14822
14420
13405
13200
12834
14149
14019
14185
14200
13100
13429
13449
14272
12332
12846
11597
13381
11819
12227
12218
13577
11092
11391
11376
14245
13145
12529
14018
12479
11193
12156
13021
14332
11918
11064
13192
11009
12165
12014
11210
11746
11775
11254
11228
11978
13231
14436
13676
13697
12778
12302
12545
12573
12193
11086
12312
11466
14612
13675
11419
12964
12141
14531
11842
12795
11247
13442
12241
12351
12340
14783
11110
13107
13358
12985
14810
14461
11699
13966
12159
14610
13018
13922
14699
14575
13627
12588
13830
12468
12565
14333
12733
12285
11104
13753
11765
14429
12668
14072
13293
13168
11658
13002
11687
14905
14462
11054
13711
14020
13699
11812
14839
14390
11336
12413
13141
14872
13831
13975
12860
12914
13424
13898
12417
11868
12858
13215
11813
11947
13635
12880
12764
13436
14853
14362
13312
14006
12812
13913
11970
12519
14910
13530
12375
11888
12301
13762
14633
14139
13683
11883
12691
11956
13916
14897
14987
12770
13737
13345
13005
13241
11312
14182
13867
12327
11963
12497
13329
13188
11763
11551
12695
13491
12120
13222
13214
14561
11644
13763
13604
13154
12575
13534
11120
11203
12040
12922
11512
13832
13664
14069
12137
11470
14155
13663
12338
14348
11666
14236
12428
12895
12953
14885
13148
12616
14299
13669
13522
13730
13576
12111
11003
14302
11653
13378
11505
11692
11533
11369
12224
11362
14427
11005
12726
12907
13339
12977
12125
14582
14670
11661
11854
11154
13912
14465
14225
11586
11085
14250
11840
14493
13587
11268
14918
11008
14887
14972
13680
12203
11022
14515
13585
11296
11587
14323
14353
11284
11327
12283
11728
12326
13415
11303
12331
13091
11845
11603
13841
13512
14843
12738
12696
11966
14740
12423
14935
14535
11712
11260
14363
11037
14536
11915
11020
13307
13138
12167
12583
13151
14680
12974
11771
11143
13791
12470
12363
11396
14103
12906
11816
12173
12570
13251
11713
12908
11599
12290
11679
14776
12180
12983
12666
12982
14735
13779
14205
11458
11406
12035
13412
14216
12225
11281
11078
14486
14733
11006
12981
13170
13639
13366
13647
11214
11574
14558
14683
14111
14746
12526
12729
11721
14788
12664
12993
11974
11975
14592
12151
11161
11354
12031
12183
12628
14085
14232
14512
12263
11724
13937
14895
14896
13709
12306
12576
13650
12245
14989
14609
14724
12153
11146
12863
14452
13808
12506
13485
12960
12838
12143
13805
11424
13546
13870
12823
11688
14519
11109
13708
14662
12630
13742
14360
13572
11794
14386
14716
12123
13062
13541
14331
13879
11871
12080
12674
13464
14566
14453
11815
11266
11101
11283
14710
11060
14626
12913
11212
12383
14130
11539
11991
12524
11226
11326
14449
13897
13028
12063
14197
14994
12480
14871
14300
11123
12344
14030
11014
11288
14581
13823
13092
11902
13907
13468
13774
12437
14087
11898
11267
13810
14673
12579
11529
12819
13096
14587
13812
12894
13584
11380
14590
13159
14286
14138
11129
11229
11049
12937
13397
14550
14251
12126
13376
11517
14510
11454
11351
14243
12465
13362
13013
12889
11877
13140
13164
13836
13738
13048
14766
11413
13084
11127
12568
13031
13865
13240
12635
13075
12577
14267
13373
13399
14418
12967
13437
12552
13822
13137
13997
11540
11347
14552
11117
11980
11924
12683
13631
14483
13156
11510
14762
13469
12051
11696
12627
14421
11132
14616
13557
13826
13818
11482
11181
13333
14248
14522
14314
11043
13272
12074
13414
12862
11870
13474
12320
12758
14194
14525
14774
13044
14611
13105
11925
14110
13109
12532
11645
14036
12694
12661
13278
11427
11891
11965
11810
14982
14392
11567
13402
14317
12940
11743
11038
11222
12516
13632
11063
11745
13070
14579
13707
12883
13513
12557
14637
12078
13187
11094
11059
11607
13493
14016
11648
13691
14999
13722
11333
12677
14793
11215
11067
14882
14736
14029
11798
11453
12292
14340
11901
11157
14893
11525
12390
11025
12410
13143
12154
11036
13374
12140
13270
13556
11359
12844
13751
14044
11130
12561
12633
14284
11125
11673
12139
13960
14184
12822
13661
12457
14782
13063
12820
13750
11501
13904
12536
11150
11382
12339
13479
12475
14605
11151
12613
13447
14440
11227
14234
11882
13935
12724
13348
14081
14559
13866
13938
14307
14790
13835
11409
14496
11242
11720
13853
12104
12308
14136
13843
13924
14161
14826
12272
12047
12323
11889
13217
12767
12801
11432
14410
11602
11945
12865
14526
12944
12587
14743
12625
12271
13320
11387
14050
14309
11231
13551
13377
11801
12122
13304
12353
12780
11119
14407
13108
11015
14818
12434
14263
13685
13128
12680
11672
13001
11244
12145
13516
12205
14529
13747
13662
11593
14661
14061
11357
13369
13887
13422
12059
14005
13863
12619
13492
12774
13861
13284
12781
12277
14739
13118
13951
14464
13289
14270
12368
14503
12899
11805
13659
13053
11358
12015
14484
11088
14023
14158
14488
12298
13497
11071
11492
12821
11657
12665
14621
12525
12564
12948
14608
14115
12604
13559
14708
12660
11250
11230
13502
14770
12929
11910
14083
12456
11462
12163
12799
13900
14514
13237
12249
11558
13597
11461
14744
14146
12455
11046
14247
12121
13759
12115
12371
14591
11637
11253
14265
14875
14771
13186
14570
13054
12484
14458
14530
13473
13769
13715
11293
11220
13891
12502
11654
11903
11795
11741
14027
12009
14577
13790
13725
13939
12270
12268
14432
14838
13291
11428
14305
11457
13882
12491
11860
13678
14296
12246
11504
11234
11999
13275
11302
12361
14282
14864
13539
11568
12401
11102
14696
11188
13652
14355
12021
13630
11365
14416
14162
11011
13958
11287
11985
11114
13688
12911
13952
14313
11307
12878
14459
11095
12611
13220
14533
12709
14970
11384
13249
13931
14607
13456
12058
12930
12978
13058
12998
13827
14349
11383
13430
14898
11122
11377
12138
12842
14726
14643
14631
13636
14646
11481
11155
11192
14709
11554
14238
14112
13326
12160
12896
11340
11787
12248
13007
12300
12549
12452
13899
11792
13210
12886
12584
11074
14997
13420
11237
14173
12547
11509
11107
12687
11855
14068
13230
11337
11995
14114
13471
11809
14328
11719
14922
11550
13169
14291
11863
12396
14974
11199
12399
14491
12243
13416
11710
11438
14258
14233
14851
11996
11202
13043
13591
13813
13811
12537
14779
14218
13764
12543
12164
12296
14472
12316
14500
13012
11823
14644
12746
12690
11725
13974
14964
12150
11734
12211
14025
12712
14088
14933
14773
11124
14213
12904
13434
13177
14192
11919
11152
14278
13158
13265
12258
11398
14301
14584
13467
12596
13883
11441
14400
12006
11920
11609
12870
11636
13851
13382
11538
11532
14241
11478
14229
14091
13794
11750
14473
13959
11959
11140
14292
12433
13735
11295
14254
13330
12515
11951
14748
13713
13773
11115
11542
11935
14454
14691
12803
14856
13789
14211
14513
13194
11233
12966
13993
11559
12100
14721
11664
13349
11360
13465
14523
11536
12776
12956
13027
11349
11531
12905
11526
13933
13919
13419
14334
14618
14586
13046
14063
11824
13736
11605
11318
13060
14204
13619
13775
14092
14174
14163
11928
11848
12293
11523
13071
12384
11371
12580
13332
14310
12065
11217
12828
13531
12847
14815
14707
14096
14352
12941
12458
14563
14639
14264
14886
12572
11596
13343
14033
14487
12875
11723
14035
13451
12341
13864
11425
13657
12364
12086
14438
12466
14048
14384
12919
12874
11793
12701
11160
14544
12646
13792
14954
14642
11142
13078
13890
14564
13521
12662
11786
13093
12367
14901
11437
14434
11305
14316
12091
11081
14287
12212
11613
12229
14640
12188
14663
11162
12274
11235
11718
11445
14423
11680
13802
12972
13448
13910
13350
14109
11518
13498
14078
14065
13677
12909
14757
13033
14414
14655
12393
13034
13287
12330
11017
11189
14517
11704
12429
12142
11403
14485
12273
11772
13246
11021
13550
12996
14359
13134
13353
14725
11627
11698
14602
12640
11833
13654
13800
12185
11537
11994
14244
13139
12871
12544
14942
14123
11484
12113
14996
13710
14481
14064
14881
12931
11172
11175
12618
13703
14451
14727
11397
12615
11689
12957
13806
11463
12247
12255
12791
11087
11618
11674
12607
12605
13301
13504
14240
12200
13629
11204
13651
14971
11522
12825
13213
13486
14620
11324
11257
11459
13472
14543
12025
14419
12099
14106
13754
14772
13319
12554
12284
11158
11662
13925
12771
14335
12499
12289
13787
11594
13056
11937
12510
11643
14118
14480
14469
13575
11082
11516
14598
14076
11905
14356
11972
12754
14962
12815
12898
12963
12888
14945
14137
13574
12700
12866
12725
12961
12406
13726
14890
14900
11952
12697
11468
14239
11876
13209
13785
14603
13733
13313
12735
14476
12418
11583
12280
11993
12208
11572
13625
12266
11153
12928
14345
13235
12542
13962
14861
12281
13716
12594
13690
14276
13328
14651
12935
11275
12267
13837
14133
12800
14669
14527
13596
14952
11002
14067
11285
11832
14079
14153
14854
11802
12920
13292
13020
13946
11490
12704
13968
12968
14690
12046
12072
12328
12530
13367
11625
14763
12546
12830
14298
14382
14794
13820
12717
11534
13740
13338
11429
12473
12644
13178
14741
14808
14985
12732
13992
12186
13441
11649
13354
13470
11180
14889
14202
12149
13973
14700
13144
12773
11892
14391
11111
14834
12269
11196
11402
14119
13325
14426
12731
11420
12566
11232
14578
14660
13906
12637
11053
13936
11496
13643
11612
12161
11339
11629
11761
11050
14837
12848
14415
13090
13336
12581
14057
12481
14953
11422
13297
13508
14288
14210
13372
11311
13571
12901
14364
13547
13714
14071
12850
13511
14191
13700
13322
13915
14585
14524
13279
12182
12201
11400
13542
11796
14975
13205
11083
14574
14395
13057
14056
14082
11705
13315
12483
13110
12915
13956
12445
12902
12438
13181
11408
13025
13364
14369
14988
12493
11831
11041
12230
12813
13670
14342
14196
13871
12606
12426
13705
12026
13589
12608
14560
11018
14308
13038
11248
12857
12522
14844
14658
11069
14501
13036
11681
11756
14542
11849
13592
11873
12711
13793
14940
14817
11314
12369
12903
12689
13190
14904
13000
13743
13595
12240
11367
11752
11352
13142
13101
12172
14031
11667
11843
11272
12221
12946
14917
12106
11055
11588
11259
14066
12955
14283
14717
11740
11149
13195
12260
11416
13782
14852
13875
13099
11669
12459
13844
14428
14253
12945
11875
14836
11264
14208
12973
11294
14619
12279
13718
11265
11778
14475
14132
12321
13255
14010
11219
11835
14231
12291
11850
13855
13147
13294
11837
14737
11573
14279
13947
12191
13155
14492
11788
14956
13523
13892
12442
11879
12297
14207
13666
14869
13896
12435
11822
13087
11546
12109
14632
12796
13600
14711
13969
12478
13085
11967
14804
13784
12742
13016
13065
14694
13375
12756
11729
13514
14860
12286
14606
13702
12498
11252
14003
11639
14209
12864
13686
14325
13668
11139
13833
14140
13152
13323
12174
11315
11930
12699
12679
12777
14129
12814
13421
12242
11577
13608
13167
12682
12202
14920
11366
12366
13280
12001
13316
12806
12692
12317
14723
13880
14880
13570
14403
11604
12591
11494
12934
11547
12335
13877
11782
12792
12336
14274
13988
11641
12511
11912
11632
12124
11456
11205
11213
13258
14004
14104
12446
14528
14367
12112
11346
12601
14630
13203
12970
14992
11118
13838
14203
13765
11243
13206
14545
12835
11004
12766
11097
14489
13510
11987
14928
11907
11093
12980
13185
11986
11682
12550
13189
12276
13475
14998
14446
13638
13983
13971
13401
12721
14032
13583
13104
12041
13524
11076
11381
13477
13432
12869
14080
14749
13852
11932
11077
12346
14224
11323
11817
11440
14688
12555
13964
13135
13982
14828
11065
13136
13671
12734
11405
14408
13341
13633
13010
14734
14785
14479
14404
13459
11865
13386
14686
12538
11943
14398
14816
14406
13061
13682
13081
13580
11224
13712
13804
11491
14990
14759
12352
14120
11191
12482
13622
14789
14948
13446
12495
12651
13076
12239
11988
13778
13568
13628
12539
13180
13567
14551
12868
12917
12686
12708
12070
12030
11754
14256
14271
11435
11911
11885
12436
14813
11105
13385
11591
14913
14046
12951
13621
14951
12095
13184
14285
14873
14712
12253
12759
12053
12392
14457
14720
13106
12714
13406
13687
14924
11031
14703
11896
14628
13303
12278
13721
13080
11939
12578
13340
12861
11836
13842
13640
13934
14825
12523
14629
12923
13528
12585
14769
11553
11452
14277
12624
13611
12802
13970
12023
13443
11309
11749
11615
13124
13073
11417
11348
11880
11635
13112
13706
14666
14919
13978
14413
13980
12986
11042
13618
12649
13646
14795
13191
12175
12357
11521
14456
11759
13452
12039
11906
12259
14685
13126
14615
12501
12653
13125
13555
11414
13380
12395
13795
13371
13816
11701
13941
12018
11858
14806
12673
12136
13363
13445
11449
14765
13037
14373
14255
13306
11194
13828
12146
13067
13476
13495
14357
11958
11851
12463
11460
13041
11872
12744
11446
11299
14499
11677
12415
12377
12534
11444
13895
13517
11777
14380
11423
13984
14150
12638
12055
14993
12798
12617
12217
14521
14944
14306
11683
11443
14908
20000
20001
20002
20003
20004
20005
20006
20007
20008
20009
20010
20011
20012
20013
20014
20015
20016
20017
20018
20019
20020
20021
20022
20023
20024
20025
20026
20027
20028
20029
20030
20031
20032
20033
20034
20035
20036
20037
20038
20039
20040
20041
20042
20043
20044
20045
20046
20047
20048
20049
20050
20051
20052
20053
20054
20055
20056
20057
20058
20059
20060
20061
20062
20063
20064
20065
20066
20067
20068
20069
20070
20071
20072
20073
20074
20075
20076
20077
20078
20079
20080
20081
20082
20083
20084
20085
20086
20087
20088
20089
20090
20091
20092
20093
20094
20095
20096
20097
20098
20099
20100
20101
20102
20103
20104
20105
20106
20107
20108
20109
20110
20111
20112
20113
20114
20115
20116
20117
20118
20119
20120
20121
20122
20123
20124
20125
20126
20127
20128
20129
20130
20131
20132
20133
20134
20135
20136
20137
20138
20139
20140
20141
20142
20143
20144
20145
20146
20147
20148
20149
20150
20151
20152
20153
20154
20155
20156
20157
20158
20159
20160
20161
20162
20163
20164
20165
20166
20167
20168
20169
20170
20171
20172
20173
20174
20175
20176
20177
20178
20179
20180
20181
20182
20183
20184
20185
20186
20187
20188
20189
20190
20191
20192
20193
20194
20195
20196
20197
20198
20199
20200
20201
20202
20203
20204
20205
20206
20207
20208
20209
20210
20211
20212
20213
20214
20215
20216
20217
20218
20219
20220
20221
20222
20223
20224
20225
20226
20227
20228
20229
20230
20231
20232
20233
20234
20235
20236
20237
20238
20239
20240
20241
20242
20243
20244
20245
20246
20247
20248
20249
20250
20251
20252
20253
20254
20255
20256
20257
20258
20259
20260
20261
20262
20263
20264
20265
20266
20267
20268
20269
20270
20271
20272
20273
20274
20275
20276
20277
20278
20279
20280
20281
20282
20283
20284
20285
20286
20287
20288
20289
20290
20291
20292
20293
20294
20295
20296
20297
20298
20299
20300
20301
20302
20303
20304
20305
20306
20307
20308
20309
20310
20311
20312
20313
20314
20315
20316
20317
20318
20319
20320
20321
20322
20323
20324
20325
20326
20327
20328
20329
20330
20331
20332
20333
20334
20335
20336
20337
20338
20339
20340
20341
20342
20343
20344
20345
20346
20347
20348
20349
20350
20351
20352
20353
20354
20355
20356
20357
20358
20359
20360
20361
20362
20363
20364
20365
20366
20367
20368
20369
20370
20371
20372
20373
20374
20375
20376
20377
20378
20379
20380
20381
20382
20383
20384
20385
20386
20387
20388
20389
20390
20391
20392
20393
20394
20395
20396
20397
20398
20399
20400
20401
20402
20403
20404
20405
20406
20407
20408
20409
20410
20411
20412
20413
20414
20415
20416
20417
20418
20419
20420
20421
20422
20423
20424
20425
20426
20427
20428
20429
20430
20431
20432
20433
20434
20435
20436
20437
20438
20439
20440
20441
20442
20443
20444
20445
20446
20447
20448
20449
20450
20451
20452
20453
20454
20455
20456
20457
20458
20459
20460
20461
20462
20463
20464
20465
20466
20467
20468
20469
20470
20471
20472
20473
20474
20475
20476
20477
20478
20479
20480
20481
20482
20483
20484
20485
20486
20487
20488
20489
20490
20491
20492
20493
20494
20495
20496
20497
20498
20499
21026
21663
21256
21514
21293
21718
21662
21350
21638
21077
21192
21486
21775
21518
21908
21091
21173
21527
21759
21228
21044
21417
21271
21731
21415
21349
21337
21829
21579
21825
21986
21811
21561
21987
21904
21059
21521
21950
21309
21340
21726
21552
21325
21362
21785
21498
21359
21843
21446
21095
21880
21164
21792
21419
21830
21655
21312
21658
21167
21235
21720
21626
21938
21057
21420
21016
21899
21934
21483
21556
21783
21668
21086
21015
21828
21329
21749
21052
21409
21684
21023
21799
21649
21756
21097
21508
21887
21636
21367
21618
21033
21963
21301
21156
21004
21029
21179
21480
21522
21381
21656
21204
21806
21275
21677
21094
21997
21245
21955
21158
21051
21831
21215
21802
21063
21244
21629
21396
21380
21620
21495
21719
21542
21393
21433
21148
21207
21172
21460
21453
21855
21102
21302
21755
21399
21449
21765
21169
21060
21998
21740
21768
21694
21929
21530
21773
21143
21942
21805
21682
21345
21081
21388
21906
21907
21724
21637
21853
21036
21721
21757
21960
21746
21870
21587
21648
21300
21734
21485
21241
21354
21371
21248
21748
21106
21639
21152
21079
21210
21603
21729
21786
21780
21374
21969
21197
21330
21704
21918
21310
21332
21911
21441
21281
21709
21916
21089
21370
21859
21782
21581
21976
21205
21035
21615
21266
21599
21512
21475
21202
21714
21745
21717
21217
21268
21331
21496
21856
21397
21851
21434
21437
21703
21182
21030
21257
21710
21787
21654
21817
21413
21430
21823
21234
21472
21559
21098
21675
21562
21452
21564
21583
21319
21119
21847
21250
21747
21230
21862
21000
21316
21873
21502
21900
21789
21061
21285
21346
21838
21822
21353
21447
21190
21326
21820
21121
21832
21621
21886
21800
21416
21147
21547
21191
21373
21123
21101
21766
21889
21602
21567
21017
21854
21678
21376
21136
21484
21982
21303
21810
21781
21635
21959
21006
21549
21328
21140
21837
21055
21947
21127
21511
21445
21881
21988
21614
21857
21014
21270
21931
21991
21702
21491
21815
21737
21254
21903
21672
21459
21335
21610
21752
21574
21471
21306
21667
21664
21174
21457
21992
21558
21466
21387
21971
21084
21058
21624
21885
21760
21117
21175
21068
21555
21952
21231
21357
21141
21909
21762
21056
21679
21894
21930
21833
21628
21920
21798
21860
21967
21875
21524
21852
21338
21276
21125
21474
21227
21185
21080
21939
21151
21548
21390
21050
21593
21868
21680
21265
21427
21403
21109
21613
21454
21565
21588
21928
21861
21732
21924
21877
21481
21878
21520
21994
21200
21408
21711
21940
21534
21540
21238
21957
21236
21989
21087
21296
21383
21728
21690
21891
21267
21022
21580
21849
21501
21377
21093
21595
21139
21630
21432
21251
21586
21042
21438
21201
21258
21824
21341
21008
21883
21494
21288
21402
21544
21027
21407
21178
21360
21619
21551
21913
21195
21692
21001
21653
21569
21321
21499
21048
21605
21660
21007
21631
21046
21513
21809
21632
21130
21683
21277
21956
21467
21442
21793
21171
21698
21278
21827
21503
21011
21978
21643
21214
21162
21966
21973
21221
21468
21412
21869
21369
21578
21652
21264
21541
21082
21946
21525
21826
21808
21242
21021
21818
21890
21557
21279
21898
21429
21072
21183
21255
21170
21554
21538
21504
21600
21212
21315
21689
21882
21100
21981
21208
21037
21263
21378
21282
21647
21735
21110
21529
21573
21585
21272
21517
21954
21790
21497
21550
21912
21224
21487
21533
21083
21594
21687
21879
21945
21699
21024
21382
21317
21842
21801
21935
21944
21145
21013
21492
21243
21041
21893
21165
21917
21915
21839
21804
21794
21990
21968
21778
21592
21259
21096
21440
21252
21932
21738
21009
21040
21961
21665
21232
21225
21681
21247
21999
21723
21269
21905
21159
21739
21131
21307
21575
21039
21028
21730
21385
21509
21532
21219
21476
21194
21366
21841
21176
21133
21661
21674
21166
21774
21262
21404
21020
21352
21375
21005
21003
21406
21650
21750
21813
21298
21596
21168
21458
21463
21239
21085
21769
21067
21414
21132
21696
21884
21220
21489
21807
21640
21193
21289
21002
21796
21450
21937
21622
21344
21431
21625
21490
21222
21697
21355
21090
21423
21218
21181
21657
21659
21274
21673
21391
21424
21443
21107
21422
21113
21845
21844
21936
21318
21902
21695
21209
21479
21291
21984
21712
21601
21570
21995
21611
21092
21771
21283
21816
21351
21791
21616
21642
21896
21032
21772
21074
21926
21347
21334
21216
21410
21985
21597
21744
21142
21405
21154
21116
21464
21105
21736
21240
21111
21071
21933
21126
21617
21336
21776
21606
21122
21313
21850
21523
21812
21865
21528
21965
21645
21531
21229
21273
21788
21280
21078
21996
21473
21144
21118
21797
21177
21669
21993
21400
21539
21299
21320
21451
21706
21386
21604
21835
21444
21421
21135
21155
21577
21138
21590
21651
21914
21161
21666
21686
21866
21149
21761
21297
21339
21770
21962
21713
21536
21292
21395
21535
21864
21576
21305
21515
21146
21379
21598
21342
21919
21455
21691
21777
21858
21923
21163
21949
21814
21834
21493
21418
21038
21069
21054
21261
21644
21049
21582
21064
21743
21226
21426
21979
21863
21343
21129
21767
21646
21436
21290
21253
21980
21546
21872
21867
21394
21953
21469
21314
21943
21356
21137
21733
21725
21425
21295
21372
21120
21019
21708
21477
21368
21591
21223
21327
21553
21505
21795
21707
21488
21584
21108
21566
21925
21983
21742
21560
21693
21612
21363
21115
21840
21670
21186
21462
21500
21892
21066
21779
21970
21099
21470
21286
21124
21846
21758
21974
21114
21685
21607
21623
21901
21722
21128
21526
21977
21308
21010
21836
21848
21384
21358
21819
21507
21753
21187
21876
21189
21112
21134
21741
21031
21545
21641
21975
21047
21897
21964
21211
21184
21568
21461
21922
21821
21075
21206
21609
21062
21921
21246
21323
21608
21676
21150
21260
21034
21754
21304
21972
21435
21803
21180
21237
21364
21871
21287
21456
21763
21671
21506
21927
21428
21727
21633
21025
21065
21701
21294
21365
21784
21910
21157
21188
21874
21198
21951
21572
21888
21361
21716
21045
21589
21348
21465
21043
21199
21324
21439
21103
21153
21073
21076
21284
21053
21392
21941
21571
21948
21688
21333
21088
21389
21249
21018
21764
21448
21104
21895
21012
21634
21478
21213
21627
21563
21516
21398
21958
21482
21160
21196
21203
21751
21543
21519
21233
21705
21401
21510
21537
21070
21311
21322
21700
21715
21411
