7452
3541
12724
6365
14348
10688
2155
1101
4309
9984
4187
7998
4501
89
11376
2475
5564
6643
13555
1210
10978
5370
12556
2573
10325
842
13674
599
1254
10846
5406
10935
5259
10823
3148
1625
8609
2985
4874
13431
1672
3940
2514
6120
1006
3114
4777
2260
13960
10183
4119
2142
4213
2798
9649
718
651
3866
2477
93
9260
7834
5326
6999
11076
204
11761
3458
5719
8330
11651
9838
10472
14885
12352
174
6541
2515
7842
11678
207
6097
3666
9385
6550
7564
11355
14391
1891
9479
3912
279
4983
7254
5008
5417
2938
3637
14571
10187
2929
11042
4457
1357
1535
7823
13068
13984
7694
11554
2587
10615
9819
9680
9138
5639
11201
14555
5092
457
5958
5627
3386
10084
6991
8428
5102
13453
5235
3111
11254
7947
2383
6899
767
4151
6406
5028
13746
4620
9353
4075
9178
10939
11280
6843
1639
9955
12894
12799
1946
8910
7143
8178
4227
199
10551
14808
3897
3335
3819
7785
14393
11171
11339
3581
8743
4360
143
12937
2409
3628
3816
13019
14243
11269
5045
3324
4269
8908
8088
5293
8254
5467
12529
11234
6909
11160
721
8715
10483
9593
7102
9464
7380
14643
6490
3845
14626
185
8127
11311
13759
13988
3888
1718
6711
1166
7951
9904
5309
6171
833
1018
3923
544
12021
458
12532
2219
13939
14251
10892
10992
8295
3905
7026
1603
8630
8192
11803
8320
621
1515
3483
6119
6189
4450
12328
8917
13840
3826
10502
14819
5884
7284
9451
2329
2627
3810
2951
4142
1967
3702
9433
2185
8884
6343
8859
10170
5550
10838
2236
1595
1328
1491
12980
10860
10942
13487
827
13467
12508
9934
5377
3949
4611
395
12540
9254
5210
2193
6805
5769
8296
4290
7364
4489
6736
10336
3877
9632
2696
4215
3091
3369
3875
14594
3326
9085
11934
7768
5492
3681
12030
7414
2414
6630
2131
11569
6326
1829
1397
11462
6341
2290
11680
7907
2637
3521
13482
13970
7107
12034
10788
10225
13202
8596
14731
10727
6905
12557
1266
8290
3556
11464
739
7266
2408
6357
11668
2707
2636
1454
14429
4948
4233
4547
5499
3159
11304
14353
377
15
7649
1117
650
8784
13374
13441
41
8546
2004
4926
12248
47
1677
7243
8158
11790
10082
2209
2224
7484
4432
1895
7330
12928
8979
3616
8276
12162
12528
5167
12576
4708
11493
8857
9499
4646
6855
11327
3906
10087
8050
3373
11755
8156
1448
13413
8404
7820
5489
3902
10135
489
14906
5565
818
2240
8868
5613
7093
8934
1244
11350
7825
5345
13082
2667
10212
465
3157
7015
68
2516
886
1088
12002
7021
3028
965
14563
166
7990
3271
8455
10286
9454
7922
1335
10862
11259
13338
13504
12945
14957
13193
5864
7513
7732
3304
4887
12877
7236
3985
14156
4800
414
10586
13918
1862
14719
8242
9975
7888
8180
8799
229
10632
11459
11962
2166
7875
4600
5124
904
7262
835
289
5190
8621
10264
1623
8193
2425
4490
5948
1087
4719
5286
9043
4064
2416
2578
3320
12088
6403
10515
7720
6783
10805
5484
3218
5116
11428
13845
1039
13127
12369
3064
9847
11695
12494
250
10011
6267
11151
4766
10271
10232
3219
11132
1453
4023
13123
8243
12281
14080
14970
191
1664
7690
2689
13923
2915
2204
1585
9200
12436
4804
5031
6257
12623
11302
6170
2993
4170
7123
13485
11344
13420
4292
11482
14230
6254
3692
8459
8819
8144
12292
2858
600
5469
14161
9018
8462
14277
8291
567
5258
14831
14297
4060
5715
8340
12032
9159
7664
683
14519
2660
7460
10097
4406
1621
12888
14945
2188
4775
11083
3571
9536
5957
13027
8888
8279
8187
168
6389
6626
8252
2785
13280
12121
5473
14309
13315
10248
10289
9736
12117
8115
10277
7215
4057
2369
6886
4785
14406
10963
6199
12561
3353
10181
13406
8826
1737
1720
12026
10266
5263
11534
6845
5015
4335
10267
14418
1757
5363
14318
12938
6953
2364
3791
8673
933
5593
5856
4909
10872
6925
1325
14417
602
8937
12282
219
9042
2794
8848
11995
14888
7952
2274
5226
8131
10816
6560
11908
7886
8419
12510
6926
1069
3864
2063
13775
2151
10124
4425
4538
14804
3861
11054
5146
5056
3832
13032
2764
10419
14086
8258
9638
799
660
10784
11367
3313
8069
6655
4171
11801
11475
2080
4445
11430
11697
13380
249
11044
7684
11709
6507
10998
4279
6363
2957
727
10534
5517
3285
802
2381
13011
10214
10869
10463
5603
4597
5908
14359
12435
8431
9158
11988
8952
11245
1443
14947
6960
10010
950
4272
4324
14481
2196
12107
8680
7800
14043
6518
7837
13248
235
8110
13728
9553
11212
5923
9781
3771
10731
3703
10344
6938
14892
9595
7681
11091
3678
9335
133
10196
13382
11414
4589
6841
4264
12764
2829
9947
4044
13560
11335
11216
11560
8256
5479
32
8730
11312
6527
3441
13368
9953
11197
3379
10226
14026
13326
4834
6472
8154
4828
2574
3489
8519
11745
4664
926
12391
2551
14538
6976
11281
3097
6366
1922
7443
9745
12148
318
3551
6791
11820
8379
1846
11868
10365
10272
860
1553
4034
6916
6585
12084
14006
5488
3402
4205
9270
9316
10004
9746
5520
2545
12854
4098
4712
720
3413
2964
7917
1008
6496
2304
4821
12949
11575
14137
200
4883
12520
38
4792
5576
5558
7337
5602
13684
12565
12563
12897
13285
14202
9119
8347
1700
4004
523
4427
14921
11468
7802
3739
3214
11835
3391
14822
3134
10989
8447
902
8212
4500
14236
4326
14117
764
951
12708
10718
5140
2617
3349
9471
3763
6451
1926
12386
14238
11250
13130
14550
4494
6885
5446
4860
6075
2757
6431
8081
13222
12869
8616
6880
3009
4042
14142
1903
391
7829
14053
4468
7775
12791
1827
14206
6355
9094
5617
2912
493
1580
365
2249
4590
4407
6493
1021
7764
12246
1974
3546
2264
1044
11321
2871
2775
10927
3225
11378
11990
10480
674
10845
2923
4149
13343
7418
2447
2836
5213
4422
7477
5466
10707
13811
9104
7976
3346
13826
8830
11753
12797
8314
11854
1611
14302
1741
9072
10372
1437
7571
12023
7545
4284
834
12260
13166
12488
11068
6494
2628
12986
7405
3809
14114
2714
8560
6704
2045
4531
5969
1894
12172
9439
5583
9240
2825
5876
13893
14618
1604
1878
10113
9283
10639
5790
3611
14350
5084
5656
1498
2098
3549
9622
403
957
12536
982
2936
3193
8146
8983
11757
581
1056
5024
12078
14557
6754
10560
13496
3857
9850
469
4585
12227
4404
9136
3630
7543
8654
6162
8130
14844
337
9829
9493
11133
1816
2733
2286
568
10739
7220
896
4862
10850
10687
7556
5162
3371
4650
3044
681
3497
11815
7562
423
10046
9848
12862
3856
8479
7000
13341
8179
11134
7179
242
2500
12341
3614
4243
4076
4369
11914
5051
9604
13636
10028
1911
731
4587
12102
11587
4588
4274
2460
4516
14801
10378
1961
9040
11703
8286
1634
8615
14689
399
3325
12675
4056
11416
11691
765
4000
11497
753
10765
9215
13425
1842
10094
5724
5325
586
11842
13665
6891
9533
2328
3093
3495
2140
5026
14958
3416
3382
13510
2340
4756
9913
1275
4927
441
10730
7761
14531
14652
1722
7434
7063
14533
6202
8342
1478
12481
5532
4894
4564
9320
5365
12843
6285
5063
12201
4126
3909
6939
978
5693
6510
11074
10126
4117
12732
3263
12922
10574
11075
3653
10950
536
10525
13392
9759
11503
8147
7797
14257
6334
5347
13009
6223
9132
11030
4730
10040
10376
8384
1988
11168
10777
4236
1416
3646
9564
11000
10603
805
1809
4014
1111
8762
11487
12998
10061
7791
13092
3772
6979
8008
10626
994
6796
6972
14242
8824
3609
11877
11418
7606
3671
10694
295
6613
10334
1774
6150
6180
9782
3383
13025
12427
1025
2266
14281
214
2946
11347
1544
12568
3466
4087
1469
14422
3243
5546
11382
7812
2461
11511
9959
8939
14578
3911
1712
5178
6647
11879
10785
12139
7450
12594
4660
8653
10704
10206
12087
9317
2235
2949
2109
8395
4661
2121
4814
10369
12265
8102
2482
4505
2580
13184
449
3183
14785
10131
10767
5265
6706
2664
4871
10766
8203
14956
14047
14841
2231
5431
12144
8861
1668
13435
4467
7876
4365
603
14582
9277
11656
5493
7043
5120
10552
4625
11771
13486
13439
7139
7473
11606
778
14458
12303
5722
3879
9594
898
12784
6849
9891
624
9306
4383
8443
3051
11470
478
12534
8366
13432
701
4609
906
8137
5871
8761
10355
5671
8870
10054
10323
14169
9282
11173
8427
9002
9128
5773
302
3996
12212
5526
7978
14747
920
12444
626
11814
9754
6842
12571
9615
7144
7722
7045
3150
11718
336
1723
3983
14645
4854
7218
8138
14577
7489
1273
4067
8116
11370
2852
8251
10370
8436
14341
328
11740
1467
8155
8359
12219
9633
5980
10256
8832
12057
11946
5014
7826
5343
13190
6314
5496
9790
14673
3555
6393
4
9054
8120
11804
3853
8056
11679
10741
6416
9224
837
1107
2024
6333
13145
12137
12401
10302
2942
5195
9169
1707
12011
6094
9187
14247
2747
12205
3585
14229
12166
9911
8174
5920
9605
2502
215
3548
7697
5813
14965
9768
13185
5472
14407
841
3115
1432
13598
5424
2766
12901
8686
9733
11149
5549
6226
10946
10611
3005
11628
6727
11240
4574
14355
6006
14762
8947
11713
9753
2417
9506
12150
6828
7501
12816
2012
13727
12624
13640
5978
11389
10553
7885
13507
411
11154
12165
11896
6946
12855
12968
14354
5540
2972
6464
8133
2062
1939
1957
12364
7423
2458
14138
6898
9404
8669
4881
7325
9338
7014
6918
1191
3860
5501
3170
9706
2027
14085
8991
11590
8022
10399
846
6513
5208
14546
12849
13763
8514
10249
2211
13172
10233
12691
9432
6430
9800
9524
9648
2208
7122
14502
10966
300
1976
8814
12226
4282
11559
9991
1978
11411
2651
9730
8489
12176
5539
1883
6923
6879
141
11570
7787
9114
12069
1064
12603
11055
14581
14783
10985
3239
13977
6858
3501
13781
13908
14250
6129
10975
12785
5830
210
8593
13514
422
1746
5909
13352
5457
11239
3640
9146
5682
12963
14059
2984
9006
2130
4997
776
13590
4663
14012
13639
6757
7296
2125
12645
11445
13519
11358
9672
10508
2856
7235
11824
3140
9422
6608
3721
3777
7818
10789
14575
5376
12914
13577
3740
3612
8389
8717
2902
11104
7333
5023
12721
14445
1617
5395
13593
6028
3475
8851
14543
69
2919
8907
13856
6038
2395
7793
14436
7056
4313
5094
13399
5930
11609
13573
14625
3146
5796
8313
10945
12875
4740
12368
3224
14763
960
676
7260
11557
1708
2378
7587
8735
13384
3786
12403
2601
2525
11209
9589
14893
4377
6903
5337
12216
8217
3167
6077
13844
6091
2649
7799
11701
5027
4949
8968
3768
14150
11696
14527
153
3588
6668
4530
13571
9867
5865
11942
12880
4172
5552
1752
14520
14605
14119
11571
3368
667
4059
5197
13153
7594
10456
6794
3967
8139
5379
5459
6894
8803
3812
2442
9985
1644
4633
7494
3147
13603
3833
6690
12787
43
5335
9186
4409
1449
6851
12222
6684
10576
13181
10583
7097
13730
2332
1505
11562
6165
2801
3718
14367
3762
7013
2872
10710
5441
9723
1982
7655
9195
11328
5577
173
13356
2505
14862
7398
10919
7119
4638
5746
2522
7085
740
11901
2722
5240
5413
4654
10166
5615
8513
3203
2291
1936
9930
3633
1228
1968
10209
9394
5418
5138
7611
1901
13917
1235
3526
2555
8482
11574
14364
10614
175
12672
7087
2143
11330
4893
9567
14287
7275
14705
106
12887
11439
13672
378
13780
1533
553
1451
10868
2697
12720
14027
6473
11649
3573
11619
3363
13367
12744
14176
14219
6383
14554
2998
6698
8278
8753
12169
7211
10173
12112
11784
7525
8007
959
14390
4238
10116
7416
4340
4917
8160
7963
2346
11478
12040
11094
11158
11080
1569
3701
111
11342
11708
3318
12582
3345
2900
5003
3712
5075
9603
9992
4630
14587
10381
6497
13568
6865
3478
6977
14821
2920
10295
6266
8622
9166
3720
9901
7925
7432
14976
4099
2215
1520
11012
7279
14032
10758
5245
2826
10413
12397
7476
6193
3092
5216
12314
7421
3729
9099
10908
9775
3785
4384
5887
9458
2681
6884
8039
14941
7389
2631
2669
1322
9333
8744
13062
9206
8640
6468
6877
11921
2000
1058
8528
8228
435
417
7824
12741
7155
4971
1663
12551
9347
14909
9928
14576
14002
14196
1190
5758
14632
12909
8423
4506
8493
12445
8841
11641
12234
9710
303
8163
2384
1806
13916
13895
5774
11021
7592
5477
12953
8980
12586
12043
931
11573
8688
7329
13320
11383
2596
4706
11082
6402
2630
13475
8645
14378
4942
1420
4281
2351
3288
1517
9066
14224
8846
2544
9498
8558
5367
10782
2653
2388
7531
9503
1564
3493
8435
14964
13778
8066
725
10786
11819
13330
9296
5442
8806
10343
11194
13662
9057
4801
2805
7327
2739
3954
1303
14559
1102
13536
5851
2087
14657
9988
6247
3098
2861
1475
6214
1299
8524
11392
4105
5536
7596
361
8858
664
1766
6674
14996
218
12525
14641
2305
4429
8552
7527
4737
5709
2878
6212
14171
4178
562
10531
10406
12631
13015
2755
8944
5668
14967
9682
8756
4962
9900
14454
253
3463
5962
9675
9814
1426
10597
3711
248
14383
2330
7754
1312
11086
11213
9614
666
8293
919
2550
9130
2586
6701
6260
10465
60
10810
12122
10911
582
2585
3496
6018
4416
12300
4005
4796
4518
4608
945
4902
849
1124
4525
11760
3955
7110
9485
7451
1761
14115
12774
4908
14323
6476
2212
5012
8465
9808
7016
14416
3387
3627
10133
6724
14658
7168
12989
3439
14061
7899
11532
627
947
5227
14074
9659
11952
7588
7683
7304
579
1355
13003
1093
5599
2311
1588
4035
3437
4901
9742
4510
1784
4129
5089
8692
11100
12033
4789
4434
8625
6072
1898
10310
1572
3597
4341
8791
574
13301
4606
3048
1145
6577
12823
12245
7459
2906
5388
11226
11693
7246
6292
13091
10634
1238
11800
12430
5844
8067
5485
10501
2014
10792
8812
3099
14200
8765
708
10968
1373
3470
4859
12952
7366
7841
2854
12602
1372
13164
12075
10520
9952
2133
3356
5754
9074
8265
5792
8958
11812
12418
3094
10849
12250
1367
7020
2740
3964
6104
14484
6744
1914
1985
3506
10025
14712
13813
3419
3217
5944
7181
12048
7600
1320
1711
3306
1669
13331
14488
14237
5548
8004
9026
820
7114
2849
10808
13794
10003
10019
4985
10902
6696
6817
3013
8486
12808
2115
296
12297
14419
2001
4182
12748
12809
2136
3790
8045
13809
6990
13096
913
2738
390
7999
5646
3043
11774
7036
14613
3694
6280
10681
7944
10462
677
12598
6046
8240
8975
14317
12136
14774
2301
1389
5219
5048
13647
8091
421
9242
6232
4957
5634
8787
12349
10772
7872
12662
6988
1151
10625
8619
1089
10825
13628
12498
4559
12856
5581
9851
1464
1061
11686
8247
10958
10505
12899
6868
3883
5793
14537
12601
3006
6756
6725
11032
14744
12195
5686
8327
4763
14189
789
11947
7514
9225
13454
1337
1216
9033
13411
5674
10565
14001
12988
12781
9481
1856
12519
13377
11033
6646
11474
1870
9295
3208
12573
9658
11166
12273
3031
9375
2491
11231
9345
5060
6616
13488
209
9504
5079
4081
6813
4458
13833
4349
63
4344
11626
9055
11935
5649
4541
2438
4850
2005
9161
8818
6099
13276
14408
4420
9168
3234
8988
2169
4950
7436
13473
439
1159
5835
6010
8015
6358
14470
12457
7154
7356
9465
8085
3820
7210
8238
14847
13232
12392
5544
9588
8643
9887
5650
12912
3956
11829
14235
5136
11049
12118
1528
13901
9566
12500
12348
2907
13445
8771
5669
8631
13054
1869
12074
6499
6590
1828
854
5389
6009
634
11040
10523
1424
4919
9342
8902
3865
6949
14038
504
9690
1182
900
4065
1859
11237
5123
433
10042
3087
11666
11537
3456
9738
6904
7321
10074
9721
5867
3242
7050
3507
4143
13363
7614
6622
10034
10839
7055
4031
3464
5743
8873
1466
10618
14794
11056
3842
2360
11958
5372
11127
11994
9618
2373
2611
12407
5667
9666
3796
5992
9508
11735
4391
10974
9896
14504
12247
8502
8307
9348
4295
13969
6906
3624
9167
13795
14226
10673
6124
10962
8817
5997
11207
6575
7249
13139
3129
12309
9528
10645
6997
14812
9868
10109
12677
6837
2723
5921
5970
2287
14174
12153
1964
182
10393
11540
2039
5734
2127
10297
1076
2711
5611
6349
11123
10104
1616
9001
14961
244
9647
8517
5926
704
11613
6315
3301
3237
7815
13622
5432
1579
7268
5165
2117
5731
7652
10423
1232
11653
4354
4239
3328
9078
12013
10948
2820
7569
2894
12038
5435
13270
12077
10361
3058
10157
8665
11375
9885
2956
13526
3811
5777
8953
3427
8028
519
5825
8863
13390
10127
13260
11603
139
1905
790
129
5352
6564
1906
8117
9979
3390
13014
12456
13257
845
631
4743
10556
3281
9695
12094
12825
13850
1781
848
14796
13533
3052
6833
3683
13313
11577
9371
5171
2791
13240
14767
3755
9280
5863
3321
1134
6417
8096
2160
3591
2157
12962
4339
4584
12756
2156
4771
1539
4036
1281
7357
9153
12210
7806
332
12848
1641
11362
6225
278
4008
2434
7795
2280
4643
13859
5809
12000
10139
5269
16
8036
348
6519
652
3994
10539
3102
12678
7111
8954
9561
14204
8901
3451
8720
4026
1673
6081
6733
2950
7198
4289
11904
10668
7975
4263
14532
4113
1820
14093
6074
3873
3272
4155
5873
9841
9905
8553
6732
10587
12804
2335
356
2058
2048
3380
11954
11933
8401
11684
9106
5471
4071
5904
2927
8578
11346
8399
4181
7521
9570
4963
3530
12466
3018
12461
3553
9739
14899
3290
1011
9238
4251
8009
7782
2713
5005
10305
3558
5915
14269
13484
3977
13389
4015
7530
5373
8663
11922
10831
7083
14336
6857
11108
7299
9097
7755
2792
14019
14496
5302
13841
9177
8478
10165
5149
14889
12524
6795
8986
3291
8719
5816
6580
7605
7758
7132
2230
612
8418
13681
7698
11905
2620
7134
14042
9415
7633
1212
10924
8994
7029
6282
9484
13887
12581
157
3680
492
10878
6436
12099
8332
11622
2092
4693
7098
12060
112
6040
1612
2529
958
989
12658
2030
480
3108
14351
501
57
3455
5815
10930
3339
11855
3258
7199
4217
1648
5093
7454
14306
9852
14439
2423
10155
8704
2245
5784
1962
9945
3684
11138
5108
7012
10575
5877
12999
7086
5740
14064
1146
8370
14901
2100
4845
10563
4977
4426
1636
14132
131
3884
268
10578
1877
1576
9727
8385
3997
10485
11090
8430
11050
2548
1740
13126
3331
13416
13964
781
1851
1017
14707
5925
9015
6373
3781
5703
8921
5522
2659
6287
14298
6380
8368
5658
3651
13948
8993
2911
13777
9747
2353
11598
5618
12782
13791
3075
342
425
122
6629
14420
6623
6319
2977
1998
7586
7391
12187
13511
3540
8843
14606
1415
770
12798
8804
5772
10018
7984
6070
4221
4010
368
311
297
5988
3330
4302
6470
14937
4837
10971
3662
7188
9732
9261
13657
8808
11425
13531
11736
532
4558
6296
2467
14898
1077
868
280
9716
1207
3900
12263
3200
6818
10424
3584
2737
3769
11365
8328
13043
14077
4066
14120
1889
7182
4069
7970
1984
6834
11170
7769
10303
4337
5666
7921
4304
4195
12926
12523
12493
2813
988
10829
7306
14441
11734
3693
3647
11397
6079
3488
9352
5042
14876
571
1256
14033
6270
2955
14751
6602
3395
2268
747
12294
10452
5156
5324
8169
14536
13211
13771
9344
319
10091
2632
7789
2640
5129
527
10590
13415
5392
6485
5838
8195
6157
6023
4410
1671
3760
12344
4411
9950
13215
13165
1630
3180
6039
9518
12015
14916
13294
4539
5296
3806
8879
10307
1755
8095
13293
8943
11275
8173
10960
12717
4880
11809
13517
3066
3481
10610
14624
8797
4009
1287
14352
14580
13236
2181
13133
10337
2404
11184
5672
10984
11645
878
4686
3517
8696
922
10438
1338
12619
11979
5943
2592
984
12871
8904
9707
9783
5788
13224
13398
4022
1083
13703
5973
14165
10628
6667
4021
7636
14768
11832
8922
12625
7233
3128
484
7858
14649
151
2967
6819
1246
8883
1480
10499
4999
2418
11037
7856
5547
6031
14995
6581
877
9548
9944
2670
8124
13169
11513
13931
95
12542
6540
8629
8353
4718
595
5443
4466
8568
9031
14015
10716
815
11458
13217
13801
10047
2180
4278
13998
4873
665
5257
7642
3265
10461
13981
2789
10068
11857
2321
12575
5328
8166
14755
8227
4092
13110
11423
7622
8287
12948
5193
2652
1653
9881
11217
7510
4676
9027
5916
2487
2671
2436
2262
8352
2070
10005
3600
177
13569
13642
1769
9155
13530
11238
14084
10320
7342
5186
9927
455
9956
14611
14730
14466
14438
14894
7468
8854
3713
9237
10633
4614
8145
14205
10392
12177
11823
12152
14843
12647
10129
4966
7202
5963
1748
5695
13503
2788
11492
9245
6259
5993
6354
13195
6882
10250
8175
1779
14159
5776
4220
5091
3076
11460
4464
6249
13528
10818
11826
5346
3574
6108
5786
1184
7719
3855
7608
736
1605
1861
13460
1987
2554
884
8376
6176
14162
13527
7360
5371
9986
9496
607
2348
5474
2406
5407
8417
6498
13677
9052
13163
14561
12580
8838
1106
13340
760
6812
8209
5166
6597
13095
1538
12793
373
2909
3727
13678
12698
4011
13300
3398
10301
12243
1980
14046
12801
14337
3813
11499
7058
613
4185
10244
8407
8108
10642
3404
5080
11294
11142
7067
7148
3173
13982
10293
10236
14740
3887
2146
387
12174
10746
5644
12792
10775
3500
4705
7894
14116
8281
9010
2960
31
6132
12065
826
3121
10201
4536
13135
2198
5652
2072
13750
11506
198
4283
10798
5801
142
6993
12752
6420
10112
8282
80
2279
7078
4351
7502
3479
7054
5396
7393
4561
4106
2451
1116
2582
6933
3286
4619
875
4952
10457
7929
6062
811
3233
6546
3477
1850
8338
3360
6313
2517
4368
3100
6950
10762
3049
6482
10125
11360
14593
6130
9269
11882
10362
12746
13733
9752
13
8222
4381
1220
7808
13579
11982
4709
3277
5054
1550
8104
8032
7616
6338
13552
5600
14166
1202
1697
2790
2537
12639
7126
12304
149
7983
7406
9339
14749
4394
301
3408
12628
4551
14834
10517
1431
3828
7475
12321
9461
14870
7526
1062
12486
1847
11783
2047
14612
2850
9678
12653
4773
11566
12299
6411
12156
10224
1164
5272
9367
9897
7640
359
2269
2561
14501
385
11858
8820
7082
8246
113
4085
8608
5706
2641
9112
2068
13578
2453
10099
4622
13952
14895
619
5805
1557
8245
10914
13430
5737
1857
6559
466
12779
8913
1730
11527
3199
1175
3782
3818
9229
3991
5630
10703
7956
1204
13693
1209
779
7338
12459
6940
4697
12387
10728
1841
13589
14875
10658
879
4720
2796
11244
11518
10631
12886
7728
9271
10858
1049
4955
14770
10175
4965
6862
670
8930
14775
6515
5858
8059
6875
12495
14
2164
4922
12841
263
2814
5733
6659
13789
14765
3292
2597
14663
5530
3259
13329
3065
9076
4214
12142
1343
11971
9778
10102
4803
2243
7750
1187
11434
4245
10999
8572
9964
6835
9355
13120
105
1024
9645
12850
2672
3554
13369
8701
13421
4672
14446
6522
14494
443
6798
4135
5827
11372
2011
13959
11997
11261
9311
8264
14425
7370
1783
6867
13155
1849
2114
3152
7441
2877
9124
6922
9796
4131
5221
895
12396
12657
14890
6112
5950
7408
4827
9189
13200
3145
13986
1323
14493
11061
2432
13175
5445
3080
2699
14339
11440
992
6011
4275
8960
2624
12140
13685
7214
6353
14404
12365
9041
10893
451
13726
4361
7482
2002
13322
8782
13515
13654
14037
9616
2338
2712
10251
2815
9437
1183
4053
13094
7505
1819
13973
8429
3808
12591
12513
3492
6908
5831
11869
9627
7937
14691
4315
557
9520
12951
3746
11111
11214
855
9272
14614
12765
4216
13991
865
1269
2324
14267
10547
2625
6971
11408
3672
12622
12932
14528
6265
6973
5250
7534
2535
9361
2101
5866
8051
10676
13899
5728
3882
9525
1890
1040
6173
11501
14686
4840
4617
11077
6718
1342
616
12851
13541
13604
10629
14324
8747
398
11692
12733
13761
11867
3499
12958
11334
10364
9491
2057
2673
4451
5280
14978
11794
11300
2802
11850
109
7417
432
10474
2724
11822
5569
4446
4136
10219
1607
13021
13689
5900
2102
13318
2534
6753
7474
5935
7069
13903
3913
13649
601
4696
10218
12873
12320
3438
13160
11602
882
3412
8998
9573
308
3068
10012
12339
7011
8473
3937
12380
3691
13265
1075
6391
12448
6551
4831
7910
6536
10817
5651
2183
10859
11287
5605
9487
10541
3135
2577
11180
8266
11105
8249
14802
8912
1537
1120
4683
14227
5661
961
3766
7853
9149
13975
357
14331
12728
1081
14647
14000
5840
3338
9208
1240
1643
7658
8976
5781
7388
8469
11851
7645
850
3872
7731
2267
1298
9925
2751
2719
1732
9761
7121
2077
13928
6809
7931
7873
8779
10745
4869
13012
8415
3433
1917
4716
77
13926
1743
371
13544
11292
5741
10821
255
1041
11282
11786
4668
5232
5350
4147
13500
2106
14160
6694
10993
8589
8844
6644
2041
679
7392
14326
4101
9171
1670
14273
9110
12858
1165
5454
12846
8442
6269
2044
5974
1259
9748
275
591
11739
585
10043
1113
3343
7733
11861
9777
3372
4549
9346
10605
9811
4728
3385
11970
956
817
6131
3929
3174
3221
10907
4110
9958
6928
10314
6230
8534
5982
4784
7429
4839
8713
5059
10261
10528
2857
4842
1983
8554
1172
8094
12421
4084
6437
1881
4189
5144
12231
14453
5306
6109
11509
5953
12181
7426
12390
2466
11202
6149
8694
9962
6850
1662
208
5850
2897
13405
14412
180
4049
2646
3958
8049
2674
9038
4424
10701
4632
6692
9315
3063
10048
8205
3430
2506
10246
11544
1409
13335
8289
14629
4640
3981
14919
1502
3453
10455
9708
6883
3210
9389
911
4038
1313
12815
4514
12272
6164
13698
4447
58
12014
5262
12214
11024
7311
12906
14715
7495
8299
10938
10606
2
2762
11644
6139
9268
13450
2054
9364
8933
11953
13176
8483
1361
4448
10306
6699
7466
6870
3118
10229
1362
2452
12878
12699
7403
12375
10554
977
11003
1262
1047
9034
13601
1103
13580
13985
12587
5979
8485
11364
14866
556
7203
1791
11848
5886
7319
7285
1694
565
6544
14636
14980
7339
5033
11107
4812
3695
12098
4093
12663
12420
8053
8758
8651
7845
5057
13449
9246
13863
2880
3403
7374
5802
8895
10646
8746
14024
12882
3750
4382
6936
10339
7109
14948
3728
6317
4108
12474
7118
10154
4692
4566
6182
678
14108
3576
12185
8982
14347
8571
2007
774
3266
13723
12149
11845
7116
2173
5704
4372
4772
1022
8627
2218
1797
1990
5038
8995
230
8304
10592
12766
14294
6321
5898
4051
13686
13659
2129
4601
7090
12905
13522
5890
4052
10432
3238
2492
13965
13597
4899
7422
11799
10060
2896
9902
213
74
9637
10826
5834
1251
9032
11704
13664
11984
2710
4471
12612
6932
14111
10988
14684
2189
14213
8361
10404
9291
8800
3211
7749
4635
4418
3012
14753
1804
10169
7265
13269
4097
8702
2811
1504
94
4695
14848
2808
14884
13851
11222
2300
12412
2913
9565
680
6143
5126
9575
3898
12789
14293
14836
6931
14191
10936
596
3303
3524
2037
13861
2968
4780
2349
1660
13447
8591
12754
10488
13103
1944
1589
1234
9664
1487
8614
5911
13212
5242
3862
2626
4565
9255
2435
7186
1702
8420
6742
12389
52
2730
10220
2285
2237
12747
6022
5072
14469
13233
8461
161
3792
12550
13633
611
10800
5589
1716
11837
123
1831
3270
11604
5022
2380
5183
8255
5291
3176
5266
3299
14573
1115
2464
695
1860
10661
8728
3350
11605
10793
9728
4166
9591
1034
3069
2832
6013
471
7541
5040
12295
6948
9115
11906
14738
13282
5083
804
7736
10594
9337
4545
11255
2457
3310
4953
1461
1631
2075
13478
690
2618
9820
358
11451
12480
13786
12353
533
13608
3472
14590
1042
6619
4232
1675
883
9199
10589
3797
5366
5078
12588
5812
7860
3443
8
11332
1050
7390
1188
5559
6442
2678
6475
2581
5971
3072
13587
9374
2407
1140
4168
7003
5357
13090
5403
7985
12946
2934
10779
12308
11657
12009
4892
3735
3334
10466
8795
3895
4316
9821
5725
5289
6368
13466
5414
12554
13157
3601
6071
4830
2572
3578
11092
9303
2371
1767
10383
7506
3020
9127
2583
10422
3520
6092
3116
4930
12419
3569
1817
1763
2494
2758
10540
13869
5342
3844
4878
10659
2275
10197
8367
5561
13790
2980
8027
2284
2400
726
4657
12818
13407
13607
11652
6392
10407
6191
12682
13816
12086
4651
10917
11087
9184
13317
14187
14830
3236
625
8900
4959
13810
12941
8061
13273
10672
758
10885
11510
4486
2568
5985
3081
7442
5359
13122
8940
8092
7671
4385
14743
10066
2662
3966
176
14851
3340
5214
8425
9325
10544
14685
8752
9005
195
3621
10648
14167
4080
7104
5770
946
4764
7207
5932
1225
3896
13088
7989
9767
1181
5829
12933
5288
12974
13799
5397
6026
3179
7269
5077
5494
6676
5019
2612
2962
7124
3276
5400
7194
12936
10953
6322
7646
10996
11399
9150
9398
5643
5274
7008
12398
10284
9511
7981
12907
11874
6638
1658
7035
13620
1950
14927
14034
9405
2870
9093
6246
4371
4972
6800
495
10567
1435
8971
473
11296
442
12417
6666
7072
7343
10168
14810
12786
7076
9501
10895
13409
1824
7811
10532
9314
649
7315
4073
1488
11353
4787
13237
13538
499
11085
12884
1742
14708
1848
13379
12381
13048
6318
12829
11396
3510
5436
749
14082
5158
1821
4202
13455
578
13559
9144
8248
9259
10617
7982
7675
10106
4629
110
9717
9787
2331
541
4153
1354
7573
1141
11758
6793
10400
5380
7519
266
1296
3655
5619
9289
5986
8408
6418
11519
6947
6901
14529
1918
6869
8369
4219
4055
980
1977
3117
12664
12266
1794
8060
7638
4470
2594
12839
6814
6563
5160
10764
14869
12558
1494
6396
10333
11097
4475
4896
5762
9176
5537
7601
4947
8718
14623
9880
6713
4769
8796
14558
3690
2385
12864
2171
1916
5990
9366
6429
9483
5562
1066
12275
4560
14811
7972
13149
12605
1012
5177
3638
10067
2761
2916
192
9516
4173
8882
9145
3007
10482
14413
1526
3631
5756
14052
6206
4755
8928
1173
517
8831
4882
6716
4430
6661
7070
901
8564
14310
10834
8033
9290
4455
1893
13297
6083
6538
8530
654
8042
12399
8855
1657
412
14739
10833
1758
14464
14245
13205
11665
3564
3082
10898
10283
6219
6293
2564
14615
6512
4146
5654
4571
4535
10790
8786
10111
12017
11412
4568
13976
12046
2986
9720
4050
13935
14485
10444
8737
9233
13272
14192
1213
10675
11909
4218
5800
10050
10368
6853
7798
11939
6222
2648
8914
9529
4396
4228
14240
3396
7615
12725
340
13381
7346
2567
7478
4373
9704
1858
14100
1347
11966
6653
7145
14706
509
92
3077
7554
7570
65
5513
1356
7007
9938
14883
9330
5928
13401
13493
12533
7259
8935
10221
1065
8025
11143
7940
12654
2441
4356
8581
14598
12298
8809
5451
9582
4088
14271
2772
14179
8006
2866
13033
9359
488
12800
8683
3674
14823
8768
11373
8505
12593
12473
8348
11805
10158
3565
13819
9795
9109
382
2590
14333
13606
12679
14426
10763
4199
9039
2052
3527
3952
13061
1706
11586
12924
1294
693
8773
14203
11955
5076
5629
6163
5299
12553
14637
11046
11128
576
934
366
1892
9769
3927
5699
3732
3103
9135
7735
6759
8311
5502
2569
11230
8516
7108
12164
14056
2162
1073
5000
10844
6007
2296
7647
1014
3278
8749
12286
2890
1945
10079
8047
4905
14930
4562
8607
10882
12130
9121
5453
10222
2778
11351
712
2104
675
6807
13476
605
9869
4970
5874
10451
4815
1368
11421
12105
14153
14627
13235
4192
3632
9773
8177
732
7039
966
4649
11789
7821
8119
7729
3341
7038
8316
347
4491
9494
8790
8556
144
1560
162
3807
2736
2997
12123
9083
14718
12579
4822
6848
13109
10906
7756
6303
7900
13443
12522
7643
6670
10478
1105
12437
12319
10107
3697
1247
11323
14603
9003
12661
3351
14058
2398
7165
11891
2999
14379
1436
4287
5106
7639
10509
6003
13017
2807
11844
14698
2812
14063
4964
4825
1386
1446
14463
7053
4751
1307
4347
6367
4829
5148
7232
12158
12507
9218
7950
9396
1840
8893
4662
1799
13277
8877
12024
13709
7909
1652
6304
11318
3375
12025
5215
10128
9266
9092
4453
3154
12613
7208
4774
12438
3529
2905
11838
3971
840
8424
7395
8754
824
12761
12302
8001
7298
941
1613
10537
4336
4456
5648
597
6565
6488
12731
13463
11398
1406
9408
3676
9743
9760
6387
2540
3970
6984
12706
436
14083
5311
9148
2144
9724
2361
8962
14369
13502
6500
11309
13765
4580
8463
10608
7559
10543
2867
4520
13754
8510
276
5264
467
5753
6204
4359
6127
171
12910
14560
2605
3010
102
3867
6986
12811
4868
11345
7328
10926
3613
10374
1330
6588
4062
2708
7871
4502
2698
14863
3262
2484
6840
9379
5516
13881
6703
7992
11006
6133
10656
728
5273
8432
8362
13878
11187
6808
13688
10349
1229
5663
5150
2969
7030
9960
9380
10972
4329
4552
12982
2298
4979
22
10397
832
13949
5821
2325
13412
12870
10273
9278
13669
10299
12686
10398
6632
857
14212
5498
7361
11320
4306
5482
7707
636
5872
14223
11515
2323
2754
3194
11635
14330
12492
5789
4546
13150
935
5423
6059
7077
6278
5300
10742
13823
10322
11754
3563
10357
6509
11531
12726
12422
11401
12847
8712
12360
6106
11917
14642
5720
445
3449
6780
9899
10287
2570
3505
2035
6198
6166
9185
392
14882
10291
13920
7027
9910
6135
11623
6194
1899
11998
6030
8671
1127
12971
14147
5304
6443
12276
4158
1521
3037
3473
108
11752
14384
930
710
14395
6607
10582
6583
12357
4699
887
14509
692
623
5139
5255
535
2337
7176
12124
11528
1036
9008
9356
11733
7627
14477
13963
9212
9719
8594
5322
10737
6359
1157
7247
3181
11463
12359
7958
13444
7359
2782
429
13753
9036
12217
2322
5692
5391
401
14963
14628
6462
6786
5924
11356
5115
11017
124
9456
13946
7288
12277
11920
3178
2310
8918
6344
12807
8733
14071
3250
14960
12431
12100
14456
2606
3001
13995
6179
2939
9284
6161
5284
8875
3420
10319
7317
12293
11625
10464
14951
2397
2134
11929
1305
9714
13201
12954
2342
9412
5420
6421
2450
5422
1031
9091
11340
9763
3352
11682
8689
9201
3973
6802
3017
9253
9823
3901
6203
4572
13747
2676
10638
2079
11878
2693
7914
13365
10498
6298
5361
13342
11565
12994
3988
7498
9527
13855
9995
8656
10315
7880
12289
34
5882
10345
13223
2496
5591
4001
10312
921
13144
10883
5845
6058
2456
3903
7200
856
11301
4493
2831
6556
8573
967
8842
10159
241
1622
3870
11542
750
11780
13089
13010
5941
14515
11218
12446
4257
9884
13099
9876
9377
12515
7081
4460
1274
10949
10204
7578
1276
14677
14394
3846
12342
11930
11390
12665
11502
2840
7301
8575
8351
3610
7993
5194
3399
11595
8961
233
3073
7738
6065
7767
12572
4811
12178
4627
1401
1133
13617
12763
10270
5237
11580
9540
9872
11441
2091
14854
3095
14168
748
3016
5327
12196
7365
13106
7603
14585
6821
3260
4521
3644
514
1734
9989
10932
1286
13002
819
8532
5697
8073
1428
3817
5316
3774
3109
3480
7701
14789
4234
459
4599
8776
4944
1635
7363
659
13742
11465
2843
14173
7335
13204
5779
7805
13387
12844
9549
3452
12956
13615
12224
7759
13052
4844
9674
12872
1531
14918
10863
7303
9941
4100
6118
9860
7772
10657
6951
10414
3707
12287
11038
5378
12569
1149
14260
6517
6461
4362
12961
13480
8550
11556
4621
10026
1090
299
4753
8633
8150
13562
406
3871
14745
5696
10481
11853
11795
11627
333
5381
916
91
291
9019
5044
7037
3253
13194
10604
12803
2203
11638
8239
12711
9299
11639
13078
821
14732
10394
1867
12790
2841
14345
3719
8230
201
14746
9500
12479
11326
8740
2541
8836
3490
404
914
929
5387
11064
13643
13862
2216
8499
608
9444
11190
11918
9004
2771
13835
5282
5718
14567
8129
8965
2010
8484
6117
1350
12402
4258
5285
3008
12225
4906
6797
6720
4553
14525
11897
13070
2288
437
9883
7238
4386
13105
7313
11156
2954
8310
3851
13243
3575
8639
13234
12640
6397
2992
14148
3606
7457
2238
7420
1955
11594
8089
2225
13264
5401
707
6745
4223
8035
4157
9990
2071
1554
4318
530
8317
3003
2921
13722
5191
10678
5297
3919
3745
12062
7273
14773
13894
2616
4778
10055
341
6508
4980
1122
4079
10473
12852
13452
9204
4123
9612
13612
5251
9688
3060
5804
3311
2731
13036
12343
14325
9133
3085
12773
6111
14584
2875
4658
9685
10354
7529
6452
9537
6197
9909
12548
1135
9137
1452
8358
13505
6412
6598
8989
6955
1396
14838
2402
10081
3046
13961
12469
1327
4184
9220
9579
5907
825
2547
4595
5563
3410
5037
4682
8467
1726
3754
4472
1201
1048
10092
2694
6511
11224
6755
9068
10581
14030
5705
10401
6826
5951
9801
4659
11659
10773
7695
1680
12228
13842
2603
6362
8331
6364
3992
9532
10429
4623
1023
13518
1552
5481
10689
410
1778
13203
6295
14295
11146
1477
7717
8794
615
5999
7022
11725
6000
14327
1439
2248
3308
11072
12037
4395
11648
3688
10227
13302
10216
9878
2138
13565
6893
12449
2206
13119
10536
4626
8225
8204
5567
5157
12471
14694
8057
5444
7563
6061
4765
1340
5241
14249
12883
11481
3422
13066
2246
6047
1301
13084
7626
1646
14492
2483
9175
12073
13670
10454
10680
785
769
3984
49
338
2344
115
3512
7375
12240
12868
6055
11009
13711
3623
10891
1007
9921
7997
9571
14096
9
2085
6764
14682
14548
7704
7174
10717
618
10189
10666
11673
3603
9861
12889
14126
3471
12204
14444
14146
10405
14764
547
11552
2200
14342
12709
7469
3978
4675
9963
12305
8938
7716
14784
14151
8300
8996
8536
10215
10317
14198
3751
13069
1772
7936
3583
11883
8383
12093
4352
9785
7399
11419
8584
14630
9610
8272
11200
6382
8164
10897
9463
9865
8058
2386
9059
9449
5211
7493
3457
4465
7550
14375
9517
14505
4717
5503
2354
4799
14051
8446
5614
10200
542
13687
5244
11646
9069
10814
7209
12008
9568
6715
5507
3204
5994
4254
5631
14700
5820
10622
7446
10915
13704
3461
5278
7696
1263
1994
7994
9441
6114
3689
13345
9611
13072
11664
12378
6624
12451
5487
686
7788
5181
10489
8458
8612
1131
13732
6683
10085
12170
2835
1682
12388
12805
5952
6548
1186
7322
7524
3086
13209
1923
9609
10952
6169
12019
9328
8823
7372
3652
14896
11564
10152
7373
8978
4183
4154
7828
7237
4641
3827
12650
6719
11018
10410
11387
4197
7430
2419
8380
1659
8821
11972
843
7777
14109
10491
4297
316
2334
10548
3607
1261
5055
7996
6445
3935
985
9022
3319
11945
13350
3636
3716
12637
1189
9526
14372
1938
10057
13060
3605
2899
6535
12199
14693
7973
11306
11827
3779
8011
1060
12694
9661
11516
11078
1594
1507
11405
8555
3347
12518
10435
1802
1215
5412
408
11022
12714
12193
2768
9969
10870
4499
126
11916
6439
13131
9095
396
3831
5747
6524
14853
14795
6216
12485
14264
5596
259
7433
476
8946
9793
3598
5506
14278
2377
2806
6506
893
9013
11816
9046
6019
11467
4127
6504
3367
861
9090
2250
6103
11611
6186
13001
7047
6138
14669
14265
3185
87
8000
4169
397
12767
13188
1727
5598
11402
375
7006
9143
12376
9305
8604
9702
11751
3484
1765
6789
8690
516
7137
891
7488
3528
13359
7654
3836
4380
13572
158
13818
8684
8170
14428
7840
14154
1941
3925
3359
6679
8200
11449
20
10964
5455
2122
307
13049
14461
3995
999
8588
11498
14716
8644
12091
9535
12076
10230
4543
6276
7680
6980
13857
118
5623
13370
8956
5009
9402
1279
11065
2116
8334
13259
7709
8090
4270
10961
3287
3543
12690
502
9258
10207
2614
8196
12648
14062
1169
7693
3944
9480
5744
8494
14414
13417
7930
14586
7533
2042
5315
14178
8927
6772
8453
9028
7928
11247
6342
7041
14303
8801
10951
4648
5317
1473
6029
617
7659
874
3256
10179
4177
4836
8557
9654
10889
2105
5364
1989
8390
3240
8422
13933
11008
13180
14041
7157
7757
11776
6281
6196
12374
7700
5052
7949
11699
4746
738
327
8678
5959
1179
10114
6700
8880
2975
1640
4259
3943
6234
10388
2103
1161
4533
11568
11188
11130
14759
11177
1514
339
3706
6639
10513
4700
8109
6294
2838
12379
12606
4698
5791
5604
7857
11563
12772
7727
11206
14517
1837
9414
5465
12651
11069
6543
1986
6015
6491
6738
11810
5476
11630
1288
4364
53
7565
9693
11884
2120
9071
4581
8959
7692
11228
3910
2809
9390
4423
1422
7300
13307
14968
9207
5491
5279
13992
3531
13347
7507
11129
11293
3344
4130
450
14158
7977
3149
1934
5616
11624
10695
2163
14106
1171
4103
6801
14779
13351
3710
4193
584
7242
10538
7703
540
14949
101
12315
9157
10616
5236
2038
12475
14314
663
687
697
12927
7028
2489
6136
7844
6952
9863
9419
12262
3959
12959
12261
8708
14750
5965
4820
9274
5713
12138
5587
2538
2759
11333
13715
4576
13208
1729
11004
730
4027
13848
12920
6525
1500
5128
9473
160
1458
1404
13971
13477
10577
2932
13396
1826
7725
3067
9923
5929
6521
11141
1529
2621
10198
13661
6729
6763
10970
6467
5778
719
3986
5452
10612
3765
13438
13614
13246
7455
1450
10427
6356
10801
2128
1714
5394
12028
8509
274
3664
1724
5006
5742
14400
13610
4025
172
7943
14786
8269
4293
9826
4567
14035
13490
8539
14467
11147
7166
12377
7314
13063
13690
2666
12824
11400
2683
9866
11119
136
4194
7557
14547
3
8613
5111
10997
8597
2277
3201
221
14583
148
13360
7582
9534
8932
12133
11047
5188
3538
633
9592
9152
14220
6913
12271
4047
2292
10584
14778
6237
10257
6181
12549
5869
2599
5016
8273
11152
14926
4200
10298
10123
14018
949
8582
9222
14371
5712
10900
14946
3123
3061
7378
4253
84
8014
12285
6747
11715
9786
290
11852
4707
9332
9601
5202
10069
13216
9687
12502
11102
6390
3337
6878
5775
13913
10721
5212
12710
6998
7385
11363
12795
10843
11616
673
11591
9898
10564
1402
1194
12559
4723
1457
7979
5556
4721
3798
13808
4145
4265
2309
12688
5785
10190
10516
3130
14912
10760
9939
8079
8275
5234
2745
7302
1000
2259
12530
716
14013
3213
500
10827
9037
9202
5511
7771
9298
2028
5356
7017
796
2221
10172
7412
8280
8409
2532
10750
14727
4312
14358
7926
5625
14662
4537
4524
6707
9383
14752
2527
6008
1383
12101
3122
12454
12505
2925
9997
12742
10787
11466
2686
13914
1199
1852
13221
14307
4482
13692
4419
1913
10346
2891
6209
14713
9597
7227
5307
13346
4967
315
10855
380
12757
13774
5198
2732
6087
1832
8445
13152
6965
1823
10268
14149
10624
12589
14218
12063
14651
9569
7682
4024
10103
14913
8923
8068
10330
8167
5624
6399
8896
5134
9023
79
3230
4046
5125
2372
14950
1214
2822
531
2924
14931
5464
6336
4390
12643
4724
6432
6964
14286
6591
11599
8346
1896
11936
12316
2828
11183
5797
14748
7400
13064
10533
4144
2244
4348
1952
1626
11001
10002
8496
13751
14829
2609
2148
10573
5852
2379
10052
1150
880
5903
6662
7901
14997
13516
7312
1771
463
27
10928
1358
335
13495
12703
788
9197
9673
14387
12585
12885
1379
5637
1072
8889
13159
9477
11178
5814
2973
7988
8393
6308
10503
1686
1195
940
838
13426
4248
8020
10408
44
11912
7850
10664
2303
2777
8642
12890
8198
1410
4378
9512
2520
14292
10434
14690
5817
604
10195
11862
4687
11654
3519
12068
1360
12531
6856
252
11252
3104
3803
3235
9840
5184
5032
14542
1666
5050
3682
4624
1479
13040
4992
8257
1128
5294
6617
11241
10304
3669
9275
7256
610
6717
5607
6190
12911
2952
6151
1400
6503
5121
14396
6172
8171
1144
14595
7814
8052
6250
183
13115
1825
10245
10884
4479
14276
13936
5579
13870
11274
551
7667
9550
10188
2375
9221
9596
9558
13634
6915
4671
7075
14902
13424
11495
13871
4931
1981
14424
822
8542
12638
4779
5318
5386
13308
14478
885
1679
7221
8043
4961
10279
6599
9397
2639
14476
14551
7274
9287
14511
12543
5189
418
8788
14157
5277
4190
1472
14376
9428
7852
5292
5739
374
986
6483
8512
379
7955
2065
9007
14728
13701
3938
9677
14099
7171
3738
2910
13876
7263
7723
1835
1519
12681
1948
10017
2793
10865
2734
2767
11841
5088
3544
8829
12467
12596
4656
9369
11410
7836
3275
10524
598
7318
8666
13749
9530
4575
11165
12241
10006
1496
2029
12997
4402
14602
546
3778
6481
13836
1253
7404
2930
14054
5585
10371
4569
2094
13650
4733
8235
3920
5458
12291
6126
13609
1637
2868
14361
7397
4138
2509
6284
1408
2779
14105
14031
8460
9870
11612
11374
10640
7773
13253
9064
9626
10832
12366
13748
3577
8707
11529
6734
5405
14966
8371
11139
3370
7032
10555
13024
3814
9219
11176
1433
8497
11746
3700
14335
12758
10263
6982
4548
1067
12535
13968
14234
3787
1421
3823
689
1486
9205
6458
7103
11276
6803
5409
9079
1080
14017
4904
309
4885
12501
9712
7663
5298
4012
13882
6192
9131
7272
9837
4483
14734
1026
13086
2512
6741
5955
4669
13718
11722
12477
14631
11875
12972
1118
2263
2234
14291
3038
12633
7708
13162
14742
12634
6758
7025
14666
2213
11379
4477
14433
1574
14421
4003
12832
1324
12913
10105
9075
3516
2702
8647
9906
1575
4674
1522
11593
10235
13905
2271
10500
6691
4320
4179
4655
10000
5419
5768
4366
1649
10088
14262
7546
5647
13271
10570
13228
10073
7934
9544
13077
10340
5518
948
9729
247
11163
8201
7866
4813
223
7411
6714
2135
10108
793
11242
13199
2746
2220
11263
1233
6409
2847
13470
6335
4013
12061
344
5538
11608
12917
6832
14635
13554
8909
5095
7623
5676
10692
13462
12116
5847
14756
10836
8847
14805
9020
14917
8520
3748
6370
3660
10954
6381
13710
3462
10292
12600
3089
11116
12332
6663
6084
9892
3035
13018
11084
13755
7033
2504
12415
9846
11548
852
4277
6385
9420
7726
8172
2154
7508
4528
6351
1425
1200
11582
1329
8083
4030
10857
10580
2493
12771
11093
5331
11520
3434
2879
298
11015
3074
11461
7310
7920
14510
11453
13197
13930
14244
629
14039
5638
972
10866
10171
3198
1931
10887
10791
2608
1864
1218
5398
13509
2784
3307
10132
10674
7935
11892
13333
3838
5901
381
2780
6167
14659
7354
7362
13255
12857
12584
1578
2668
2016
1137
7585
6440
12209
10440
564
7574
8350
7383
4160
9966
8650
1289
8472
2059
11343
6640
3679
11063
5524
8840
3273
3869
3424
13391
9209
10008
8566
12334
924
5090
8623
7874
10130
13403
9970
14766
14815
7133
14104
5586
1359
3734
7019
2523
419
11291
6002
1882
4582
7718
4996
13472
8874
6107
10879
14498
88
3498
6328
10459
2948
5130
8738
6760
10353
12506
1750
4387
1844
8775
11512
3572
3589
2783
3775
9541
14091
10096
6528
9875
4163
17
12373
10228
14911
9239
4007
9831
12393
12058
4975
12775
1331
6737
9620
7448
12424
2446
14397
2486
2895
7483
11286
7612
4325
14087
7009
8742
1364
5934
9584
12070
9391
7833
12433
8736
1684
9600
10450
2978
1310
11720
2675
10134
10994
10660
13182
13550
3165
4476
7151
1924
7048
4342
1377
1086
13558
4504
694
7522
12964
5839
78
11005
5995
6283
14814
7079
13393
14655
11547
11785
2718
13729
1489
772
6767
12441
7631
2232
13566
10621
11393
4797
13767
6531
12126
12336
12693
9585
7865
13546
11052
6568
14023
14607
6723
8887
9699
14210
6773
6722
11765
3788
2680
9908
13983
8309
12458
9893
6255
2595
9735
7307
9482
1838
11964
12723
6537
6634
11885
13875
4891
8811
6861
8699
5878
1886
13179
12684
11406
5319
14299
2474
11583
751
481
9410
1121
6549
12106
8490
1811
7491
7497
13479
9014
3246
1143
5199
3166
2470
13427
12372
5527
2735
14541
11057
305
8525
10022
7619
14344
5584
121
1148
4276
12802
5857
866
1996
13839
11828
14283
3317
6863
11550
14194
13697
3657
6673
9047
7401
14284
13250
12135
13410
4945
1744
1130
2020
6398
5247
13736
10192
187
1371
11767
2501
4346
3215
9668
11688
13717
100
13783
13042
14521
14781
1264
11807
193
6589
128
5437
13468
1510
6004
8926
3764
9357
13553
13402
6096
9924
9890
190
9551
10980
9256
1629
355
6425
14101
12985
9679
3822
13815
11490
1346
11887
987
9725
13766
1270
1787
12345
6594
13921
1035
127
10876
12090
3953
8675
1814
13852
8527
11059
11186
10281
11313
10807
5708
9373
13787
12617
7807
8835
257
909
13788
14535
9436
6215
3533
1509
12203
1205
11530
14790
4914
5645
46
5566
8577
2339
6900
1484
4449
7130
5640
6516
11232
10558
7394
6208
717
369
76
5429
7679
13437
1242
8636
11352
12840
3629
13556
13146
13124
12666
321
5714
3487
14849
4061
13779
14409
12347
4020
9563
6827
9547
10493
13644
8411
2996
3354
2685
7286
10163
3654
14944
1054
11115
4817
3220
3725
6657
5290
14239
2691
5312
5182
13626
3916
313
14552
9035
8451
6811
1485
3491
11267
3494
9045
6730
10282
14932
281
10941
1747
1756
4938
14289
1818
593
11243
12990
9640
10045
7881
8491
11863
10460
9193
13079
12290
2090
4703
13296
3942
1369
12810
9108
3668
2463
1074
487
4984
6958
1126
13065
6547
9421
5020
6680
14263
1776
2883
6874
5510
9669
4688
5750
13785
8372
12010
8992
2242
5849
12460
641
1245
7539
10199
8652
11987
25
12735
12689
12537
13138
6480
9689
4714
8005
8226
494
18
14758
14880
10247
2403
4542
12190
9940
10324
1532
14020
14825
6330
4262
2293
10341
10751
9523
8734
61
12049
10437
1068
8506
2511
6968
4805
970
1770
1098
9977
9302
10038
282
5748
14564
13764
12237
5239
9000
5338
2524
11484
8511
2158
11480
9467
3889
1462
10269
13868
7352
8241
7065
4810
6252
444
7440
8448
10934
953
212
3226
10725
4252
10595
11088
14692
4605
1633
9691
8107
14601
2490
3428
12108
10667
6152
12476
6697
8267
2940
3251
2604
9665
737
8682
1943
14282
5103
4747
9599
4109
7161
13186
7094
117
10922
9812
4405
6994
5408
5525
4474
3643
12783
10677
10682
14855
7061
12483
8661
5448
1590
7413
5684
5895
8464
13596
4379
10852
745
5555
13974
10031
1764
9696
4201
4806
9442
7838
254
10835
9469
2918
6044
2308
10023
2431
609
6587
6024
14994
12340
2892
14443
8897
10080
10077
13576
10620
8292
1822
9877
12018
10713
7946
10955
1993
9486
4095
7479
4872
114
2430
13004
7326
9319
7553
13978
7593
1915
6578
9822
4260
6035
3209
13655
12904
12893
6959
4993
7892
791
11101
12259
4586
1290
1059
13877
754
10819
1954
14028
11106
14145
2392
1593
5976
12673
12923
8544
11839
7183
4956
7915
11788
4943
6671
12127
2865
13483
4969
14389
10441
6159
11889
5374
784
11457
2241
3039
10013
13906
1277
4610
12796
2078
14832
5782
2706
13944
12632
6200
4338
4300
1704
2061
13140
14597
12184
5348
4211
2663
13817
1956
11895
2081
7162
9845
13521
7177
4786
10426
4757
12382
11621
10294
918
13020
3014
11961
7670
9244
2655
14769
12161
11543
4835
10982
1392
9965
12718
4734
9382
6089
12860
575
2819
4680
9308
5880
14459
5007
12213
5486
11041
13830
1344
12306
942
554
13118
11067
8388
8973
11985
7598
11053
8031
9164
10191
10636
13394
8972
3620
4074
12930
8202
13434
2149
6348
8906
11655
10487
3389
181
14568
7447
3557
11759
11910
7074
2281
839
8439
5434
7954
11404
6823
10747
13898
639
6601
513
12202
13885
9360
505
11010
4247
12406
9431
14313
13249
3854
39
4677
2217
7730
4374
9378
490
1655
11253
583
10776
2692
11483
807
14308
317
8632
12155
8849
5875
1563
11297
11932
7347
363
7415
13508
5256
1315
59
6261
9170
890
10193
1853
6324
13740
646
8772
9286
8318
12960
1738
14617
11523
9973
14319
8916
592
11811
13261
11020
12428
6388
6871
6487
7629
2539
6122
2312
13886
13663
7282
9406
4308
10430
497
14990
14258
1549
5110
7487
9722
9836
7607
6450
3815
11477
13953
13039
6056
3269
6658
12652
7113
10150
11007
3249
7794
8396
6140
14619
7096
13897
13358
9407
5043
5081
4788
6846
5351
5281
8662
8260
10663
655
2531
2019
14591
1803
1193
8541
325
12229
713
2202
7572
1046
8019
3071
11305
7801
273
7896
6989
3309
12042
12044
11974
10469
4998
7540
13837
2629
12462
11773
7158
6147
13268
1403
5523
12900
5145
12080
13022
11742
4888
14506
11256
4864
3776
10956
11298
4403
8700
14877
1132
8948
11658
456
8936
3047
9232
10943
4783
4731
8236
9894
13667
4296
4165
3741
2073
14986
4907
14500
10714
8815
13583
2167
5344
13287
6446
2844
8452
1332
4758
11289
6919
12310
9889
5981
3268
3987
7264
7942
13532
4770
1568
10588
13353
6859
7882
12695
486
14803
8044
10569
2695
2095
7251
14312
5207
12517
7031
6400
2469
1015
5967
7868
12762
7471
9749
10386
11268
7548
13372
11750
836
10223
773
10177
526
13586
11706
9192
8101
1208
3255
7672
50
14807
5030
9265
3993
9279
13284
2112
9322
10780
9488
1445
350
10812
9030
13694
4225
11121
11159
11522
8288
13210
3907
3417
12197
13912
9450
10771
4761
1972
1689
9643
5966
2904
1959
5688
13675
430
2086
14760
13611
11028
10837
9917
4436
8770
13866
11584
13046
9179
6337
14152
13883
14837
3040
1349
7995
9694
2178
1091
14793
2046
7437
6566
871
2251
5848
2051
4715
14988
2320
256
13909
6410
8898
7281
6579
11454
8610
13337
5572
6768
7024
72
14195
7558
12656
7351
8046
11632
1197
6740
8378
7747
8297
12491
1808
2634
12189
152
9061
7796
5763
7555
8570
7201
11195
2741
10149
13539
2508
6258
11233
4937
14588
11081
5098
9623
3830
3136
7500
14842
2017
4939
7863
13734
8618
2943
10443
8714
1582
14982
5905
8769
658
8121
6539
6168
4841
6995
12439
2076
6302
6218
6864
8400
14233
6728
7665
1674
225
6053
2294
2658
14711
7686
14415
3032
3257
11948
2479
2013
11384
13884
4681
13864
6086
3460
9384
7140
1628
7052
8899
11031
12736
10029
8548
346
6996
1162
9459
1516
11545
11999
6914
8063
2588
11265
12607
7334
2097
10024
12979
2015
1703
2387
8929
8322
12942
8547
2553
5761
9888
7913
10796
8739
8143
6743
2040
10494
6438
9798
10083
4729
14343
12274
13457
4563
2729
12812
10318
8405
995
14817
12955
3000
2390
7367
10637
8176
13219
11442
6785
606
7444
14268
10402
5305
2152
3625
12680
8981
7402
7621
10840
12780
2753
196
12414
3962
1345
14266
4473
8023
10916
6963
8685
3918
12370
9726
1506
14644
14338
9681
5972
6844
14460
11676
5933
1391
14540
13673
5173
11145
4768
14177
8157
997
3300
4598
12940
5601
3885
10734
10809
8500
8693
9116
12931
14094
6329
7891
3804
2749
8670
4231
13624
6514
2444
7644
8774
11023
7472
8945
3055
12649
12455
12592
416
5749
2497
12039
1005
4911
3848
13279
559
9895
5922
11671
5578
872
14489
6345
5163
283
5260
10180
7234
6427
11386
7424
11959
12701
6184
14857
8732
13804
8084
537
8135
2519
7180
10981
400
9967
10806
8199
12967
14827
808
8853
5246
7324
1196
8805
4583
643
6211
13551
352
9542
4935
33
14131
8598
4540
1495
7261
14703
8624
10377
3758
14633
6944
1147
2186
7662
9560
9365
11893
9188
11886
682
5132
7219
1925
5859
3932
1418
4016
14430
6156
4577
13262
7384
6520
1163
10755
2607
13125
14696
5046
3195
2132
8302
4089
9849
10016
3960
3708
8210
5954
14360
534
14190
12921
2314
10358
3137
9631
7673
10562
3561
8123
12902
2874
6749
10545
539
9401
2172
6981
12356
5691
13706
13814
4754
13752
5172
7101
8216
1542
8232
3723
10363
569
4968
3101
7751
2034
5823
1953
3670
10828
9642
3840
11110
10848
13599
1471
9915
4082
13034
10933
216
4437
6489
1880
14382
8583
8345
10607
2684
13132
12358
1399
780
29
589
12071
9210
5252
11136
5642
1095
470
14699
8466
5683
9671
7386
6685
6778
12567
3132
13668
7196
12879
1577
8963
2602
13395
10373
5390
2255
4851
14566
14076
2179
11949
973
7185
8339
4849
10995
1465
3773
3579
1271
4401
14221
6210
4526
1438
10367
5354
6625
3294
11027
2495
4866
10137
1940
9490
4331
9750
9324
9160
14678
384
9578
10285
6945
3355
2799
13873
1801
11866
11415
12730
1468
8162
10484
4895
11137
9297
7080
8660
9388
9552
9539
2333
5360
14290
2229
14867
7217
5795
2579
5879
4875
10671
12129
1267
9326
9835
3914
11756
1206
8329
12992
11629
2023
8721
14680
795
5910
11927
6275
10186
5462
13029
10428
9476
12363
12655
6423
7846
9086
9050
11636
3305
6675
11443
13016
13076
9228
14016
11764
8601
13225
13621
7810
5891
8810
13743
6600
10568
4861
10804
7941
2610
6526
10448
8326
324
2615
13419
420
14332
5918
10380
10156
7193
13716
10830
1300
6887
9946
12865
13721
801
11631
1057
7945
4776
14839
3559
6286
8114
10679
9660
293
8942
8827
9120
10136
6693
1695
4982
10662
9478
1524
3648
5582
1908
11846
10512
14349
2318
2118
203
5426
4188
7127
11772
5759
7827
14972
4852
12866
2498
5021
8741
12996
8649
9387
9797
4759
8967
11131
8999
9933
1591
10824
8676
13183
6665
10278
8590
12621
1459
10254
2827
11359
6463
3426
4431
7744
4833
14914
12330
8190
13055
4175
2721
9931
1109
1
13247
7252
8878
264
2192
8105
9788
648
1884
858
8997
6553
8308
354
9351
9425
482
1567
13540
14036
4330
11215
3267
9430
10288
1110
5440
9300
4991
3169
14423
4507
1405
11185
3002
14110
6479
873
1001
12175
67
10142
12351
12007
5218
1647
3522
9084
2227
2893
10650
4439
12113
8990
8957
6424
6502
993
7911
351
14182
13148
9182
4522
4116
12079
5837
14380
10761
12503
5808
870
10813
13173
11977
2472
3205
1167
9538
5053
12283
13031
10211
2191
9698
11403
11174
13071
1258
6066
5960
1429
2559
13714
13770
3231
7371
3465
11898
14401
1929
3070
14887
2619
485
4433
14432
12110
8865
6175
570
10609
6434
5635
3156
12434
11494
3696
8259
8188
6327
1715
12969
9751
4322
5243
3083
1125
13147
3059
11181
12047
12052
12547
454
3537
4795
6911
6831
12128
3113
3800
11791
14188
9386
14136
5961
4995
13143
9650
8872
4612
5495
2468
11617
97
923
8969
1754
2439
11182
14248
1866
424
6866
13386
10979
13192
2049
8013
657
13207
9088
1387
14434
2623
6921
10899
13523
13543
862
12453
3789
5254
45
3535
10311
14261
1548
12125
11191
6297
13251
12081
11915
806
5913
1624
5349
6917
9107
14088
1363
13987
12578
5771
2510
9376
11014
6064
13854
3297
11120
14975
3206
1051
3714
2944
13254
2422
5151
8606
5168
4133
10360
998
4334
4818
7240
13741
4311
2433
5799
14992
13629
11579
1775
13627
3021
12322
3062
10722
8657
14259
11981
13141
11821
12827
9163
12329
2961
13676
2995
3661
5632
9418
1055
8785
6361
189
5074
8048
8599
6572
4974
9737
9172
11409
2376
8501
9764
2258
525
10167
12157
14954
6405
11660
1733
13712
723
13044
1930
7023
13309
2021
12450
2744
2083
188
14735
5826
12993
8412
2223
715
7577
11683
3024
8789
4667
3742
13567
5
6272
13041
8915
9058
11235
7705
6593
1527
12264
4345
5633
8705
388
10944
1710
6448
503
9936
14646
7138
8030
3168
11436
8343
8306
8391
1900
11836
9780
5575
7034
11058
11002
8659
11872
3504
4702
11717
11561
9434
5355
4628
9703
12834
11614
11724
12867
3532
1992
5841
13760
1033
10959
3026
4421
14405
13414
6213
4596
4816
11485
7532
9087
389
9686
5622
14526
7774
3254
6956
415
48
6347
1020
4986
8515
5154
3511
1690
10122
11950
10148
11045
13306
11567
6776
6098
13258
8374
13310
1460
2055
12895
12223
14579
2728
13834
12051
11103
3442
1879
12738
13214
5047
11089
4111
4636
7987
13757
1503
6970
7297
9247
14123
6571
262
10486
3107
4174
10720
4376
6586
4303
413
4726
12740
13314
4940
4798
5058
7895
3229
2145
13797
7213
11524
1540
14940
11211
2256
2898
13691
6050
13324
5096
12707
9546
10735
768
9194
4299
9281
691
9370
5268
6847
11169
3547
14385
10931
13865
5968
9839
8709
10797
10071
3928
9285
7706
7071
4744
5170
13957
10416
1969
3327
310
4752
12692
3975
6799
2886
6678
10841
8535
4435
4268
4484
8837
14440
12745
4910
10072
7734
7369
12327
7628
3423
1293
2190
12538
12521
9639
8356
1016
10683
3314
14103
10258
1777
14873
2254
2821
13057
11122
3568
14675
1370
13938
11303
14777
3552
2317
543
5698
5783
2983
14366
11865
10348
11553
4128
8716
5570
12669
7923
14217
7687
14589
8881
3518
13289
14253
12794
6110
12367
8751
5757
5653
3687
6325
14340
11991
10141
14427
4280
7579
2613
8729
6188
3025
9922
6221
11792
8867
2558
9336
13595
11669
10527
286
4941
10759
10014
8664
7715
734
14329
7010
4018
6453
8106
8617
2170
11229
2168
10027
8565
4701
11634
9426
3041
4990
1142
13825
12863
7100
2368
13557
13316
10253
1353
2830
14010
2562
6505
5571
12311
2687
6205
6444
3656
14788
8285
5341
3834
9683
1696
915
8074
12874
2720
11246
11796
8364
12715
12257
8017
13087
7049
12288
2833
5975
8562
6582
5554
4242
367
1375
5070
10347
6873
9363
4898
11967
8189
7916
10445
11
1547
7066
798
251
5836
7906
8860
9818
4246
271
522
12072
4286
8159
10880
2478
5608
13671
9583
11607
11316
2126
13098
4139
2066
13471
6217
14465
9651
11643
10176
6974
7239
83
7653
6350
3542
3626
11588
816
3365
9772
2307
2869
4314
8375
11976
13990
10738
1010
8727
9294
7267
1052
12027
10350
2099
3550
5480
6113
12908
550
3469
11013
13113
13161
13630
8185
5385
2752
10241
431
8064
4809
2401
7353
13383
426
908
11928
9758
6238
12635
3227
7099
14311
6016
10596
13805
11558
5842
3824
7503
3004
4921
6614
3482
3539
3850
7635
11051
5888
14199
11192
13584
1518
4487
3570
10691
1351
2053
11969
35
7765
7713
14709
2842
258
14574
12729
12211
1920
2715
7770
1735
6686
5143
1129
943
762
14025
9828
2297
1581
14797
14904
7648
14798
11337
4150
6681
7903
735
6245
13220
14920
7953
7439
11843
7112
8611
4090
14144
9462
729
3509
9070
3364
13286
864
13325
12338
4498
6934
3515
4037
13400
6825
5118
1876
10117
7523
6185
8561
8498
11943
6263
9492
86
8132
3348
12022
3142
5100
5314
13744
9853
4209
7610
7583
13366
14929
11199
5964
103
6174
167
7463
6954
3595
809
1843
11272
5271
2937
5230
8271
6557
12975
11712
14545
9154
4210
73
9770
13638
4249
6469
1949
5267
9805
6872
11902
2088
12207
9122
14304
11257
13067
2991
4739
8531
8475
11114
14057
1334
12067
4732
6067
11647
10059
4509
10035
272
4613
4224
14667
4054
5685
3192
8319
1038
14792
8234
5636
2933
260
9235
7661
14448
13245
9670
10708
4230
2645
11881
2454
228
7890
9806
9051
9635
11993
14936
8151
12053
7879
9515
5745
7721
9468
12159
14722
2638
7677
6195
14858
13910
8298
14725
8456
7341
13229
8010
6073
13101
5846
1834
360
6069
6890
1071
13591
4086
3388
3999
7877
11048
1887
4305
13051
9816
2210
5049
6123
5738
6574
13820
7650
2656
3139
13575
9663
362
3333
9427
3566
1152
11555
2703
10231
14121
4399
238
6377
6712
12191
9423
4112
812
4794
8792
372
8576
4738
5620
7839
2584
7902
3293
6036
8206
10774
13827
5535
14450
9907
13980
1032
14939
6584
9445
11637
10929
14370
14846
1374
756
12054
10396
6316
8641
3407
6312
12478
7068
1136
6766
265
8586
7933
4523
7864
11223
11322
7641
14452
14316
10326
2043
2716
3160
3189
13564
12629
1865
6534
518
9791
3717
13116
6889
13570
6633
11924
4639
13942
8122
14328
8149
7595
4736
14672
11763
2161
10654
4722
8142
3593
11923
7172
8301
4463
2350
1282
13594
10875
7849
2455
14650
3709
9854
9929
4310
5275
9358
13699
4412
3747
11381
925
4557
4916
7206
12806
1656
13499
6020
7786
6735
4865
1284
13045
7576
11348
6561
36
14935
5902
10351
4244
8262
11938
7924
6830
5936
11737
5112
3030
12861
6401
10700
11140
11118
10153
8703
2901
2776
1566
6021
3892
3202
4343
12426
9318
1958
5161
7149
475
1701
14386
7368
7197
12346
1456
11109
7409
2750
696
7496
5580
13635
11894
4710
13354
10748
13705
6523
14569
14974
7862
8574
4058
13056
1833
3837
2563
9048
6244
1004
10811
11711
13030
783
1780
8148
2797
2760
14524
12082
10881
6618
6290
1241
226
14556
6049
8781
1037
4858
700
12570
9621
8100
888
12194
7688
3405
10653
4167
14090
9855
810
14356
10051
2931
11071
5989
2756
6620
2576
8153
4989
14596
4876
5185
1543
5736
3878
21
2359
6530
3245
7991
5270
10712
3054
14447
14826
11260
6943
14451
5301
10854
847
7965
9903
3622
3474
10871
722
6787
14544
14175
11762
9531
3602
8268
9395
12626
7743
9024
7480
6816
6033
12284
12977
4241
3036
10275
1339
9416
8182
8237
3821
11681
186
6404
7287
10063
14513
8723
205
5505
11779
5470
8221
952
5450
7691
2299
12012
13456
8416
11066
11731
8126
11983
6137
4107
13156
14078
13632
14943
12768
1295
13278
2153
917
9882
14392
12270
4019
6054
11770
6941
12830
9198
12109
6305
269
6121
4288
1442
13213
6824
1393
6775
8438
1731
3685
5490
12918
5573
6652
239
3450
13187
14981
1153
563
13996
13847
14592
8760
2362
9103
5721
14833
11702
312
12254
6792
3989
2953
10559
13378
13492
13623
137
9598
3190
6492
1873
4497
5679
12489
3283
6239
13074
7547
2717
2981
9497
3545
8305
14232
8312
7345
3931
7465
10007
10905
13824
5534
1874
11227
14216
8387
306
7957
7566
2295
11806
8029
8082
4413
7305
590
4428
6052
12705
7004
6621
3019
1319
8335
10390
2536
8136
7745
7927
6408
9976
7461
12470
10242
9264
4981
5862
4480
10477
8628
246
14486
4550
9874
9634
2159
1790
12683
8410
1203
969
8549
6323
13838
2945
3222
1536
13008
2253
8277
9077
2123
7291
1614
8538
14186
1997
7869
9879
3144
12749
14373
13900
1855
7425
6854
12104
2988
4041
14953
10062
9972
13336
9354
1413
3415
10418
6346
4819
7893
12482
3411
12497
1174
13037
7567
8444
2549
8852
5660
11011
7739
11162
3435
3322
9744
1534
11907
11349
668
1600
3979
2036
6027
11290
14710
11978
11283
7228
653
903
13625
12727
2958
9613
322
11144
2278
6141
7609
3429
5222
9701
3421
7847
2393
10856
1304
5868
9629
6187
5659
197
11456
6664
12173
14473
6435
10274
8833
6228
14620
8529
2033
345
10497
6459
3965
37
2704
10146
8711
10178
2908
10078
6262
8567
5036
1511
6153
755
8381
9141
14820
828
5906
12183
13768
10511
13588
8522
12307
11856
8777
12146
4925
434
9711
14600
4415
13344
13328
6761
876
11610
3357
5011
12496
8603
6414
5940
2207
14905
14275
8365
1525
9774
10090
12258
7125
7803
511
5610
9100
4441
1430
8113
1222
2816
2971
10969
13134
178
1239
12670
1556
3756
4745
1501
4115
13458
7458
7438
14252
12218
10411
2056
4823
3924
4438
5710
10020
202
14483
3936
13227
12313
5894
4271
2903
7537
2810
4713
11578
12416
1231
12950
10613
4832
14987
14688
12031
164
14697
5937
14300
9216
1596
9309
7597
1749
2410
231
11175
698
7464
3673
13924
12845
14726
496
12750
12842
10118
521
6264
10436
4923
66
14850
12819
12085
3939
14139
3945
169
9183
10912
159
11026
9123
9025
2459
13822
10890
6375
12627
13050
6992
12089
11019
13026
13561
5086
5732
4951
14410
13846
1661
12642
4886
14998
5690
9920
1285
7163
7073
6183
1211
14274
6095
5854
9417
8386
2343
6093
6660
13658
2366
12134
13231
3186
8537
11167
8080
4513
5723
9111
4496
7918
684
14530
13376
9213
10382
5159
8856
11707
10184
7192
1094
4877
13339
14381
13422
13972
3315
5320
14959
12753
12472
11504
12361
13950
9957
7904
6961
14022
1168
8476
1070
6739
3904
5122
4256
5180
1476
9044
5717
8034
1562
6415
2543
10649
14193
7381
8974
13362
10237
13806
7244
910
12432
8165
9126
12837
3323
6895
206
9948
5068
4725
13142
2195
9341
11155
2327
11310
2113
1084
7678
10715
7819
12700
6478
14874
6288
3158
13798
10243
3858
5949
12394
968
6788
9081
12280
8871
8757
9543
1384
14125
2093
12769
5411
4298
13191
14472
5590
8828
6631
10039
10115
9403
2727
5899
13762
8495
3908
1546
2888
1158
12620
981
5069
6672
10770
13497
1223
6637
10535
12770
3029
538
5071
11650
1029
407
14622
4912
7897
11840
10749
3915
1683
3514
1685
3835
7147
3536
13408
13178
2175
5707
9982
4495
10571
13889
14495
8284
6902
2800
3963
12597
1933
10557
8970
6220
13525
132
5497
5018
744
1768
10065
11429
2682
6533
7908
11380
320
2025
7878
13357
9429
5822
2860
13719
6907
14112
5067
11385
10385
9641
10983
14040
10174
14891
4534
3560
147
3946
11438
2265
5998
2187
5519
14209
4579
10743
9472
10338
5135
14828
10803
3733
6014
4440
13397
9636
1447
5249
6
13713
8250
2882
4032
2803
11126
7355
7604
13829
2345
6063
7187
13994
10918
13244
13958
9327
5353
13993
8103
5946
383
10140
9489
5529
5752
6695
13756
5833
12154
10726
9203
119
7222
3957
10630
5035
6277
10794
8793
7783
5119
3241
3112
13433
7618
236
9455
6394
11781
10644
4039
2471
7485
782
7257
11505
3974
7005
13904
10296
14499
8253
7835
7292
3125
12562
10641
11538
447
7225
304
12404
14695
5176
742
14462
9073
2642
814
14907
51
14668
13158
3050
9817
5203
14897
12660
4469
2657
11035
8433
6271
13940
3731
12590
14813
996
9134
13151
2774
746
9873
7106
1382
3289
11690
12333
4442
14984
13513
3948
4607
8698
1236
10208
7591
9510
13545
6967
9460
3381
2530
10421
6032
2032
4889
2963
14776
6635
5295
10280
4273
5560
10973
14296
13292
13843
8697
9954
10259
6545
10693
14860
1973
3444
14661
9619
12881
2546
7544
6155
14449
7323
10698
5729
2273
12826
5127
12003
14089
1691
9815
12114
2003
3829
2834
7968
9630
8507
11956
11036
11472
7407
6142
1598
5597
7560
3175
7763
9251
13585
6815
2009
12966
12220
14135
11778
364
7204
7280
8215
6920
9082
13548
8885
7212
11153
528
2965
10110
9413
7710
10709
8016
9241
10252
3184
14604
3594
7293
5425
2261
2935
13506
11975
8521
10321
12611
156
10706
8620
4124
10744
13915
11597
14431
13666
1951
8294
11777
955
14522
4807
2239
4924
13954
10352
284
7146
2440
8766
5655
2473
7428
5726
2313
2426
14928
10740
6466
7741
10075
1739
2355
11446
11125
9056
1965
1638
12230
6369
5114
3982
9165
1045
10910
3752
13641
11164
13832
11615
11782
8911
285
8526
3976
3849
13196
1390
11576
6829
4645
13107
5927
12919
10049
7164
3641
4206
2565
1085
14133
1785
10690
11491
3880
2889
1910
9813
2341
2726
4375
2989
6750
12326
6076
11870
14878
14288
14806
3448
7379
3445
9217
12814
5428
13907
13618
14374
1378
12160
1028
2917
1632
13442
7175
12641
8403
11395
6372
11391
1728
14508
10384
3151
11899
8360
6888
14255
3418
3635
1615
14818
9147
8231
5528
13849
224
11448
1786
14208
9624
12516
14180
14004
11963
11422
5179
9089
9424
12115
14553
7057
10313
12119
5541
2165
1909
752
5542
3961
14539
7657
8220
1219
13700
10160
4332
4503
3406
5828
8518
656
3440
12020
6241
294
3182
2315
6154
14886
13093
1793
9142
7169
10145
5369
8263
10602
2481
4028
672
6609
9762
13108
4180
2575
9937
11539
11931
11488
8724
2247
645
7737
11288
6985
8839
12835
6896
1681
9411
7277
11951
11968
9173
5675
8457
11124
4226
6078
7435
4350
14683
7517
13616
12251
1570
1571
10504
6929
10619
13720
3619
4673
11592
5716
6082
14687
3280
12755
3722
4198
4762
7270
3590
12371
8595
12759
14141
5843
1676
5641
9211
10888
8658
13821
5101
12465
3143
75
13937
2336
14029
2356
1665
4511
894
5765
2480
5358
8731
2119
14872
8077
851
1798
14215
462
96
520
5806
12236
3715
8213
2926
10853
4488
12995
844
12760
314
6105
11277
1875
8474
8886
7152
10064
14924
146
9834
2096
6384
14761
2358
6708
1352
10076
13418
8041
14320
8363
9807
3106
9016
12244
11189
8402
3969
9438
6048
4048
2557
9446
939
5780
13828
1308
8864
14346
330
5553
14214
5689
14065
4164
12056
10940
5175
4793
9983
2306
6251
11766
3847
5141
4691
7135
3749
6235
12242
3770
3141
9574
4141
3934
2110
13796
10566
3886
7115
4267
4207
8321
14562
12120
1463
13291
12716
10467
9856
5606
7809
1885
5339
3503
5892
7088
2994
12704
6017
1365
1019
1651
3801
14118
10778
5751
14050
14067
12978
3162
2914
10652
12036
11973
2786
10420
777
261
4690
1999
7613
3802
14664
14701
5687
14955
11677
14934
5919
10431
11633
1717
580
10783
4666
2084
1609
9236
9234
11179
12055
6080
14285
8003
6037
9067
9118
3890
6910
983
13896
13388
14368
2765
6085
4519
14780
7660
85
9226
8323
6146
8626
5104
979
2633
8002
1252
1812
13275
7515
560
1155
3133
11357
2448
10847
1309
8477
954
4512
12777
4156
13731
12630
8822
4017
14398
5200
11830
1871
6160
5766
14989
1678
14991
5853
11325
10276
11546
10070
13803
6897
10056
1782
11354
7843
1815
4637
13927
11469
8480
11793
1810
5001
2302
13888
11672
1800
11533
10736
3724
9466
13605
6912
12822
6651
703
5415
4679
7538
13831
763
2443
3342
11070
11521
3645
6100
11099
14942
64
8695
6320
9606
1795
9125
13266
1620
14665
3926
2743
4976
10439
343
3950
14081
10990
1292
7676
6012
10342
13102
11447
4461
3881
8679
14479
7760
12151
3736
6942
9313
4068
4741
9918
2177
3090
1963
5551
1100
2839
2415
6025
9981
2357
5594
4235
14102
12429
14007
12739
3409
12876
3859
10733
9644
11148
12636
1545
5938
6779
8354
13075
14679
4043
9993
3663
13371
7746
12096
881
1441
10309
9886
12939
11663
11479
7490
2289
11847
6471
11270
9230
3244
3586
98
3825
2824
2876
8543
12440
10093
7332
6762
4321
1249
3358
10120
11219
1278
1394
10240
10967
2513
5169
8219
5912
13682
3401
6650
5991
11903
474
797
12685
7150
775
6456
1667
14835
2228
1928
7552
9652
6937
1002
702
2725
7253
7884
6243
7129
7051
4454
3207
10449
8087
3686
4389
1283
1602
11266
13206
8244
5914
13872
13177
14915
3228
6145
9174
12609
1009
10752
11689
13802
11834
6043
7195
1759
10475
3468
10032
853
12970
11249
6268
14977
11642
4933
9522
11589
9443
14254
11473
3282
620
9151
555
14362
1592
14681
7294
12984
9572
10
9400
10162
13117
14599
10550
2598
12188
8504
11831
12722
7340
4555
7584
2194
3361
163
3096
5205
640
12973
13631
2411
8710
11507
13489
4125
7898
3161
10957
11769
9932
9521
4388
7561
8118
7348
12442
6090
14270
1003
7711
6641
4642
8955
3394
10036
12608
10138
12983
5893
4161
7822
14183
5447
11873
10332
211
1108
7419
3567
2064
5217
5330
6876
2111
944
3863
13967
9214
5117
5017
7851
5192
13739
3191
6042
1888
5818
14130
10874
10685
1725
4749
13226
9862
10507
12820
907
3562
8726
3187
4631
5514
9012
552
11431
2518
12541
4652
5004
13512
12965
3917
1440
7520
6419
3744
2396
7551
12354
448
12383
11705
12384
2859
1306
8112
4367
14377
13104
7241
12179
1427
11732
4685
7781
8580
1114
9502
11581
14185
11662
4323
2150
2067
4212
12935
8605
11618
9657
11900
4444
3951
1316
120
7762
3284
5612
4802
1975
12064
11095
10086
4002
2976
7966
438
2252
3392
10089
6746
6726
2022
9063
2922
6034
10591
12400
3377
11341
830
12892
12599
6057
5767
3177
30
4398
8093
5681
3699
1692
1423
12186
11417
4327
2635
14654
10598
7190
6253
14107
4602
2928
2705
12192
9096
10098
4870
962
2552
14733
2982
14170
4934
12788
10655
2990
11407
5678
243
13274
3397
10705
1508
13725
2748
2503
5832
13549
9802
3642
7748
8071
9505
6570
6148
7173
971
638
5329
7887
1698
14676
9519
9799
2528
2947
12712
10711
13461
14060
8903
10262
4353
5574
1260
3376
2326
2787
2862
510
10433
2781
13295
8012
10359
2966
5515
329
4208
13288
4045
9292
11747
8563
7042
7248
5819
9978
3274
6449
2476
5039
6128
1839
10308
7046
7084
8191
506
0
334
12249
13334
4040
6648
3078
7486
2147
7189
548
7062
2421
1243
3384
4867
8038
813
11204
9257
11210
5996
11034
2853
8097
7813
10593
483
12687
7714
8503
4897
9996
11944
12103
5310
5410
428
2650
3120
1176
3894
13999
3617
709
6060
11925
12976
3378
4954
10260
1995
3839
14518
14490
10842
1583
974
8545
12464
2060
9684
5196
2026
7331
8140
2521
10903
8440
9709
12836
4462
1942
10686
11220
6610
7784
14791
4191
5500
1302
1265
6839
9340
13951
8876
3793
12696
9803
11262
13738
9021
11743
10585
14008
5421
11937
7089
7320
628
11749
3084
6987
5824
9859
11258
6158
13428
7620
104
7790
3649
3922
9249
2031
8055
11437
9098
23
13708
9581
7184
5029
1991
1177
2837
5308
4122
11741
632
4333
13404
9117
6558
10147
14816
4570
70
10896
1257
11489
2201
13312
4392
4102
3212
9755
10442
7817
13038
12180
14411
10802
10447
3223
11996
4408
8470
3990
4616
4370
9017
7776
12916
11285
724
7804
4544
6273
14140
6501
6677
12016
8523
14457
14908
561
9919
9607
13281
14357
11700
11536
13651
13112
743
5811
7462
12324
9771
6596
1897
859
11601
7178
1830
13498
1530
14512
10327
5152
5368
1642
14092
2184
11307
1043
7986
11161
7445
1097
8894
3667
6612
13121
71
11295
10643
12132
14475
2137
6005
11455
11667
8125
4291
6705
9349
10894
12555
6300
12
831
512
12163
11787
12147
4096
6782
3454
11694
6447
4704
11073
13136
427
3022
4307
9470
11911
14516
8406
6474
7905
6542
8488
14315
13680
13919
9951
10331
6765
1170
4591
7779
13735
6433
2222
8984
2283
4843
9824
5164
1565
577
1395
12659
240
4665
7959
9713
3677
741
6721
5064
11426
1483
4857
9293
1434
2449
14279
14280
14211
1381
1699
11940
11079
10851
794
1601
14714
13529
829
9580
9653
6709
1523
8024
14437
2887
9474
524
2276
14301
3930
10913
803
13303
11864
4527
12143
2622
6051
863
10864
5673
6576
11450
9545
2347
5204
9231
9452
6927
4750
6636
7830
4760
277
3665
2226
792
5787
6242
5701
99
6777
9789
8725
12552
572
12668
3298
10255
10753
4647
2394
10182
12092
7509
12097
10453
6573
1773
8764
9587
13582
3608
8579
1854
13263
10530
13321
4644
12487
6555
3761
14098
1618
8540
8450
13542
5504
9062
4485
10151
6460
4863
7568
9307
3805
5662
12929
1419
13114
2363
7674
6177
13168
10387
9697
9310
12667
9926
6001
8078
6360
14241
14608
11025
9628
2445
7289
5700
4104
7512
1512
14197
12896
11517
14163
2845
9139
8807
5945
10977
14809
7410
3737
10479
12719
5463
8377
1311
140
3296
14903
2863
14634
6822
2817
479
9617
1751
1606
976
14754
14048
1123
267
3502
1139
1407
10300
12898
9267
3312
14717
10756
9602
14856
5860
11698
14772
3513
6495
9832
5521
14482
1813
9792
6311
7255
1868
7141
1096
3891
13989
3295
5861
3261
3972
8128
12232
1912
8798
3743
8845
14565
8816
4554
4029
5209
5939
13305
10519
7224
13361
9999
13375
4994
11551
14771
13355
5983
4556
8825
8635
10669
7656
4790
4987
13005
12833
9180
8637
54
6178
3852
14824
10886
9399
8426
11585
4134
6957
8233
11273
12182
8099
5201
8750
3753
14143
1687
1417
6781
6227
11729
1380
14399
13956
14737
7831
14014
8748
10599
11278
8454
9843
9304
12566
6838
8161
7848
7630
8086
4593
7316
9871
4781
11797
8018
28
10395
7492
460
13429
3332
9562
786
1317
9776
5224
13858
4903
4532
3126
1030
6339
6395
5896
13602
3767
10877
477
7131
7766
11221
6605
13097
5508
9101
14674
4266
10476
4932
573
3232
9343
7467
11264
4294
10468
5013
7932
7712
1192
7624
9576
10991
14075
5430
2182
8134
13436
8655
3432
14184
13962
5461
7377
13537
12408
9009
7231
6378
5987
4118
6975
14879
5439
11112
7542
394
6233
26
6806
13592
1921
13619
13494
1237
14134
2700
6457
1970
8341
7617
14648
8813
14570
220
1248
13547
11193
5807
7967
11514
14321
3447
13327
5449
8303
13298
10446
3374
11279
3841
7018
9842
12269
2701
5174
5229
4077
9248
11329
14910
62
4735
12411
10514
90
3110
12335
7044
14487
232
12083
1455
10100
9435
7668
10121
11525
2174
1180
5870
8966
9362
13111
4915
6279
1481
14660
6820
7396
2108
40
4592
5881
4400
11727
529
10781
12423
11113
4791
9276
12350
8194
10522
9312
7170
8218
6771
14720
4250
13267
1610
5034
9252
13645
1608
14704
14388
9329
1385
2864
9586
2205
1492
12355
10239
11726
5010
2507
771
5478
7960
4920
331
14095
5336
12066
7634
4678
4452
7499
9608
1291
14999
13563
6603
6068
4159
56
8780
6207
491
7938
13745
6352
12362
7752
4355
6656
14256
7625
8602
1654
14572
10719
8890
1558
12838
587
8168
3400
6892
688
1947
3057
3634
14741
2006
10471
9263
3580
12697
10030
3127
4689
4414
11476
12891
11640
3508
9741
5097
13646
5061
12409
5545
2979
165
13385
3163
12817
928
12734
7117
12957
1326
12527
12029
5253
3105
7580
9156
42
5147
12131
8111
10328
13474
5333
4328
13081
2571
4459
349
6935
10213
1688
3476
3153
3436
14402
7535
5362
1971
7516
8964
9557
14671
1156
11427
10518
11957
2018
4285
1112
1482
10217
5313
9968
11620
8783
9625
4973
5399
11685
13047
2499
4397
4684
11377
11849
11960
4653
2082
5764
4121
10549
8941
4694
10164
14009
11368
4847
11369
4517
5153
1966
14073
12447
13955
9942
5238
10920
8437
12463
461
3172
5276
5475
13966
14640
6969
2644
12385
10925
2389
12499
936
11205
5233
10053
6465
2069
1693
10987
82
4132
11714
14952
4152
179
3933
2846
12405
13198
1584
7349
11029
12278
14514
3899
13679
2795
12198
635
4808
2374
13290
7599
10542
7229
7912
932
5131
194
10937
227
7205
9556
2873
13574
11060
3726
11723
11432
3784
8325
11890
11251
7961
6379
4767
2089
9350
2881
11062
8449
8681
12504
9011
7964
566
10492
13451
14069
14363
11798
2709
9334
8533
7702
2462
2008
8508
9987
8600
4578
10041
1078
19
13256
1541
6836
1627
7637
1138
8569
9590
13879
4120
8207
8687
12903
13448
13874
11965
8186
10921
6332
5628
13283
3216
4603
14782
2589
1919
8866
10194
8224
10732
4443
5062
323
11989
5664
3279
468
1960
12610
594
1551
8919
4890
11508
8062
1705
12676
6924
8985
4618
2352
6224
1348
14322
4481
11572
464
8634
14985
3485
6229
2556
6592
2050
2533
1318
10923
9513
10009
9250
5665
14055
1079
393
11825
10757
8951
11919
10768
9810
3876
4918
661
5760
897
2560
1497
2465
3730
2428
3843
11420
11596
13613
7153
11315
5897
5382
2542
13007
12618
12167
10037
2424
14403
13053
13299
7969
7753
12778
10904
11913
5433
10490
10696
3921
12200
10627
14222
4072
5438
10210
12413
13239
9331
5099
9196
4936
1760
13035
2139
9766
10033
5041
1444
6045
7105
5082
8585
116
2370
12646
7669
9495
5889
13535
11157
6289
6562
14933
1412
3604
13782
5694
1573
714
9655
3998
12168
12468
13945
3525
14480
14003
8638
892
9140
453
9912
5794
13932
1092
7504
5220
4884
1321
4196
9857
8398
13085
1709
9998
14923
6041
7271
11730
2365
237
12604
5855
498
2848
637
10729
2855
5065
12111
2769
9577
12943
7666
8668
7427
8152
5248
11808
1411
6682
1226
14969
9029
6101
3042
2199
13028
10623
4204
7518
4363
14993
2679
10389
6134
2884
8214
3650
11236
12005
13423
11818
7160
9049
8559
13364
217
11452
7602
7689
12539
7092
11331
3027
8357
14549
14124
6804
4078
11150
11687
12743
8075
991
7216
8054
9514
6116
12317
1185
13997
13683
14868
12279
326
8184
10579
9559
9447
10119
14787
9181
12776
9288
1927
3015
10635
3248
12221
14181
14201
7191
8950
8270
990
1762
4594
13304
9060
6201
9102
9301
11314
10651
7376
13440
7091
13702
13332
10458
12813
9961
647
5427
1713
9262
8037
3705
5002
6654
8802
10470
2665
12546
1376
3088
13465
9692
14721
11674
6770
11203
644
963
12296
6371
14861
5977
12318
1272
7278
12915
7142
2176
12004
2851
11926
14859
9864
4261
7470
8021
4604
13880
452
13922
14729
10391
13696
1119
4063
6088
4358
8397
12574
12256
12490
1499
6769
472
11859
2593
6852
8141
1650
4634
5383
6115
5109
1224
5456
10234
1341
549
288
4478
10529
24
7309
2974
7832
11813
8667
12484
9715
3056
10290
6231
4006
1230
12595
11710
14800
975
13892
8931
6860
9705
12145
4615
14011
12050
13648
6426
14225
3675
10754
8481
8987
7382
14938
3446
14621
386
4229
81
14523
13776
10702
1805
10769
10415
8026
5798
11043
8211
10265
1555
3874
14799
13925
13737
12616
3795
14049
2412
7589
10670
9227
8414
10409
184
9844
3131
13129
8646
7724
6790
12141
5066
4162
13073
1490
10861
11496
8759
8551
9448
4033
3196
5680
11308
8468
12831
6376
7059
11366
507
6454
2987
13979
10143
3968
14609
10665
4960
5228
5283
7295
5730
14122
11388
7528
669
7780
5206
13860
11208
912
10521
3459
4958
6310
10425
508
7344
588
10101
9827
12828
9779
5803
9509
1932
14231
13656
7974
9830
14979
2270
9971
3033
3947
5621
11271
7308
3704
10495
2773
757
4148
7699
2316
8924
11198
10058
5917
107
11098
614
3164
14474
938
4186
3486
3467
13311
766
5931
4137
14616
7226
11817
3264
222
1474
4240
13189
8891
2526
9700
5512
6810
353
7060
14305
4070
287
5568
545
2233
7431
5609
7740
11880
3011
14246
8722
14925
9858
6301
9994
9440
234
2763
7980
10356
8349
2591
8441
1788
5402
11338
11986
2405
1619
10366
4176
10976
10699
5883
5340
6784
5107
13230
3534
4826
11992
14497
13902
10015
14021
10965
9804
5509
8677
6606
5287
12410
8487
14128
13083
10144
7156
12095
5677
642
2688
13890
13171
1904
10795
11413
9809
2677
759
14962
1333
8344
823
13773
7590
9190
733
4782
1027
11433
7948
3079
2566
4824
5105
1414
1586
10335
5557
5592
3302
13000
12235
3247
11225
4946
14066
13943
14471
5137
1792
10375
11661
13695
12252
7095
12751
9943
10799
6627
1745
706
7223
6422
6595
14442
13524
3799
5727
2970
6407
3124
9731
14365
7350
2959
5755
6569
12545
12238
2124
7358
630
6774
4670
12991
11941
3757
9833
3119
9475
14113
899
6455
6374
13100
1559
7778
10684
13174
6532
7258
6645
2647
13934
7276
5711
13167
5334
7861
7855
2107
4222
13653
7867
6340
5384
4114
13637
7854
12215
4573
4417
134
5657
11719
12045
11541
12934
13792
13481
4515
10205
12512
409
14653
13469
4848
9646
1366
3366
6386
3783
11833
6752
5702
1907
4508
9129
4929
1314
6102
13600
12853
3252
6604
6628
1227
4094
10546
11871
5323
10822
11117
10021
2391
5231
6554
3362
5404
9914
6567
13154
1178
1063
6306
8070
13581
12583
7453
5483
12821
7939
150
8421
7632
12059
13891
3197
7575
5225
11876
9372
3138
14070
13238
11535
8040
8706
10329
14491
5142
8892
405
889
9409
3523
6307
6978
13058
10947
14127
12509
9223
3045
2770
12987
927
4900
2141
2399
6748
7245
4140
622
10986
787
9980
12925
12859
14044
9105
3618
1053
4319
9662
2413
13252
11600
5393
14638
14228
10561
8920
135
705
1796
11135
6125
7283
1493
11394
7002
1753
8755
6731
5187
376
8197
440
12737
7449
14871
14097
2429
5947
2282
12514
8229
3023
9916
13459
2690
2074
1280
12713
515
12614
11768
14005
5670
11444
964
8336
6688
1863
867
4928
2600
10185
11486
6299
5984
4846
2804
8434
13911
13724
12331
13218
5155
8183
13023
4742
8691
10815
11039
7001
11802
13242
3759
4838
8208
558
13319
10417
2382
3941
12425
9554
154
2420
699
11744
9555
6930
14702
7511
1872
6983
9065
4255
3893
8261
10238
3336
11721
2885
270
9323
4393
800
5595
13491
12325
5321
7870
905
9718
5956
1789
8333
13128
685
8471
13373
13080
7336
13446
10873
8905
14736
8382
10379
6486
11728
3329
5942
6248
6615
12001
2742
11196
2427
14079
662
10001
5416
5113
1807
8745
12702
14723
10723
3592
5543
9757
1513
1721
5087
13006
3431
6413
7883
8324
10697
7
7159
1587
6144
1217
14068
7859
4855
8492
3425
14845
11096
14072
1013
3868
5885
2818
9080
12206
13758
10403
2197
7971
11172
14507
12239
8925
3053
5085
11675
14881
5460
11435
8223
3658
3794
8587
12644
3393
13793
9794
6751
292
9368
3034
7651
11319
3980
9765
11549
12035
11471
402
937
9457
5223
14045
7250
11500
13812
8413
13800
10572
3582
12526
14865
14757
13501
1082
7040
10909
9053
9162
5025
4879
1398
8076
11361
14610
10095
12544
12452
10600
14129
2437
7685
5735
145
3698
4748
14172
12233
9734
12511
13660
4711
11324
3596
9321
11371
13867
6240
6441
8065
4091
4856
12323
1198
12947
2367
10202
1979
6710
8850
13929
2661
4913
10161
7481
130
5531
8337
1154
1255
9393
12615
9113
1470
125
8862
11284
3188
14971
761
1336
14435
6529
1836
11738
14503
8098
869
8392
5375
8869
9507
14670
12006
2823
5626
4083
14840
8767
13769
1599
14534
1597
13534
13170
6236
671
11775
13772
13807
6689
1645
9656
3171
14973
3639
4203
11980
1937
4853
1250
7816
4317
10316
12560
13059
6687
13784
10526
12267
9949
7136
7919
5332
7742
10203
9974
12268
4727
8274
6484
14983
5303
7889
2488
1221
1935
12577
11424
6702
13707
2485
55
9935
3615
8778
9381
170
12443
14724
6291
8763
7064
10724
5468
11317
9453
1736
12208
10412
9825
11016
6669
3155
10044
8834
2643
1160
6256
2272
11860
12253
10647
14468
11526
13349
6611
7120
13464
12041
14455
1104
13941
10510
155
13137
11670
14656
3599
12171
1561
7549
14639
7962
1845
12301
9273
9756
4529
6552
8355
13652
12337
3780
10496
11299
1099
14272
7290
8315
9243
6966
11748
6477
6881
138
370
10901
12674
1297
10601
2257
8977
711
3587
6331
6274
11888
5588
9740
13241
7128
12981
5533
4237
9191
6428
7536
8672
13853
5073
12255
6309
12671
8674
7581
3414
9676
7230
3316
2214
13520
10867
5261
7387
14864
12312
5810
14155
3659
11336
7167
7456
4492
14852
12944
4357
446
8373
4978
2654
8394
8181
8072
9392
14922
10820
13947
9667
14164
8949
12395
11716
7792
8592
6649
14334
6962
9784
13348
8648
6642
14900
12564
13013
4988
14207
5133
2319
4301
11248
1902
13323
1268
8283
1719
245
10506
2941
1388
