71
364
205
4607
1917
2502
934
900
296
1135
4790
2022
3658
541
1654
1288
4028
2804
3009
3168
454
1428
432
1828
1567
4668
4890
4526
4445
2631
3920
4169
2104
3150
4623
4578
3326
666
2964
762
2494
3976
3409
1269
2135
3509
4025
2
4052
576
4034
4745
446
3919
3773
4585
1791
2646
1802
2546
3309
1044
1351
1620
4253
2515
4245
1662
3799
2098
3037
255
761
3314
890
3201
3320
2341
994
187
4547
2418
332
1132
1893
2379
1134
34
3355
2178
1363
3600
1116
4278
2235
771
2122
3646
1903
1236
1819
4875
2864
2701
4880
3104
4467
1456
3951
1653
1250
31
3782
2861
180
1280
3609
3981
927
4031
4746
3753
2112
1737
1652
2041
1401
3054
1762
661
220
4443
1106
4715
3393
4977
872
752
1743
329
470
2442
2207
2446
4249
707
306
240
4840
495
3081
1794
248
1022
431
2433
1426
1196
4949
3147
3477
2874
2628
3258
3076
4461
4956
2356
3683
4344
1790
644
1740
3181
2161
896
3811
4154
2745
1347
2020
161
4377
4549
3716
4235
677
2358
2482
1048
3126
69
301
2044
4997
2078
4505
2965
3261
3278
3804
3246
289
1599
1337
1910
2903
1671
3770
3744
41
1568
4398
2177
1951
4009
2148
4298
3185
4826
630
2197
1453
2855
384
258
2833
3047
299
4401
1195
4697
4225
4159
3004
1199
4596
1829
1804
491
2058
4255
1708
2030
3844
3476
2580
1576
2181
226
836
3135
3030
3720
3626
3975
698
1500
1703
4984
327
3464
3322
2755
4179
4331
58
1997
3358
4664
3872
1424
4737
4534
671
4297
4861
2052
1344
3652
587
906
1570
140
4247
3173
2111
4351
610
3470
4825
253
3504
2933
4091
483
1148
1370
381
1767
1730
3138
3554
3748
646
3629
4386
2391
995
3263
2511
439
1975
4375
4142
3650
355
444
1756
3331
1149
3285
1123
2651
1265
3090
785
4319
678
926
4820
2361
2253
4109
3482
2416
1185
119
4470
1526
2758
4622
3167
104
860
2346
4599
596
765
1950
1302
650
2828
1754
2708
602
3769
4696
2176
346
3588
2720
4783
3486
556
4830
342
891
3175
54
3777
3112
1233
1260
862
3953
2034
3360
125
344
1546
2314
2229
4721
3447
3170
1585
4119
962
3264
3078
4512
1119
1254
4427
3061
4701
1916
2264
360
1162
796
1096
2124
2682
353
1817
3989
2330
3528
3845
166
186
2794
2102
3329
3020
29
802
826
232
4005
4960
4571
1279
4438
1076
4592
4406
4261
4046
4848
2412
1578
4471
527
3178
2885
1277
1712
3563
621
1842
1203
1631
3565
1175
305
1806
3796
3343
3382
4187
2713
4426
4110
615
907
2110
852
4126
2236
1797
1886
3985
3522
3979
1306
2213
4408
4323
3274
1694
3839
2048
3625
4530
4264
2973
148
1533
3364
1157
3222
2407
183
4529
1738
2144
3700
1592
4265
734
4845
1961
3176
1672
3494
1677
4967
465
4900
1728
507
428
252
1550
3434
204
3286
4047
270
1633
3311
2856
2387
426
1832
3986
1523
1727
2007
4303
3293
3564
3931
2997
1452
1115
1947
1186
2142
2913
1346
1016
3132
4580
2167
2498
272
2700
3014
974
2921
302
3367
4295
1350
1090
294
2107
3426
4877
825
3038
185
1160
3036
4081
1061
2434
1389
2803
569
411
3900
337
2627
1556
2064
1924
2936
4965
1463
2159
1822
4963
459
2056
4450
3428
4653
1218
1287
123
3110
4138
3496
2488
3802
4026
2536
2468
4586
2809
1493
716
3082
2648
3977
4071
167
751
3794
222
3392
4248
2770
4941
1310
1120
2297
131
2132
4037
2393
1771
1993
2093
514
4103
3248
778
3605
4287
39
3736
1782
4780
2812
1514
224
4686
739
4241
4910
3878
1133
4738
1660
3603
1335
3788
799
1214
3208
528
2214
780
2599
243
2307
2210
690
1521
604
580
1380
2318
3692
172
4589
279
4842
1538
2370
434
3060
1107
4933
3566
2315
2986
1991
4460
3578
4643
121
1259
310
2617
3084
1719
2680
2667
2302
1642
4144
2169
175
4338
4673
2390
4940
437
2309
1235
1386
919
152
3220
4130
4928
3242
520
3007
2866
2424
3558
4496
4220
2454
2636
532
4768
719
3305
4016
2792
4536
3276
1623
3327
3234
497
1812
4759
3610
2115
2842
940
81
1650
3479
1656
882
683
2348
3584
1019
3319
2857
3423
2467
4363
918
2569
3823
1230
2992
120
629
2055
3075
2517
2151
2322
3240
1177
4366
481
2935
943
2535
1864
2024
3573
1221
1610
377
3738
190
4105
2342
2847
660
1825
1648
2591
3213
2817
4268
3807
4458
1228
4075
361
1229
1179
2623
3316
3725
1640
3072
1379
2250
1757
910
3691
2089
3624
133
3430
493
4978
4236
1170
3472
787
2469
2560
1219
533
1352
693
2924
2239
2740
3945
2430
3307
147
4015
1486
3512
769
1678
3499
4835
851
2087
4587
1870
3108
4712
767
3893
2143
1979
3018
3221
4343
1974
3904
973
902
482
4376
756
807
3826
1634
4396
100
1241
4004
2795
4357
139
870
3169
4348
2676
4656
695
3944
3241
2105
3052
2245
3672
4500
4733
4652
2996
3244
557
3369
372
385
1121
4038
4782
3111
2827
3383
3379
4779
4543
1437
3851
3064
1292
2027
4990
1038
4515
4695
136
2634
2522
702
3218
2155
817
4764
3882
2428
2063
2304
651
4417
257
4952
2865
1866
445
3663
718
1356
3419
178
3561
2270
1934
4334
3606
1345
2872
3488
1464
1758
4183
4630
3387
3328
341
522
4829
1303
672
4601
2572
2396
633
1587
2830
212
1261
1602
111
4475
2493
1745
2453
4824
4849
4844
4736
2300
1184
4083
1397
415
3097
4863
606
2733
156
4583
3813
3417
3398
3640
4024
2483
3593
2385
2311
1681
2345
3487
818
4609
4773
4093
4576
2323
2266
1490
3923
3702
4754
2404
1091
4727
2655
4145
4682
2123
1092
1554
99
1322
4294
2605
1894
2780
4903
3412
3396
4617
583
2002
4716
96
4403
4778
1667
727
1651
4657
1713
4794
1001
1418
492
2908
2251
3743
2805
3717
1267
3012
1994
3237
324
837
4888
2460
64
1065
2870
2443
1558
3713
2464
2212
4762
65
2712
3079
2281
1875
3608
2901
1657
4792
889
4680
4416
93
582
568
2081
1543
333
4628
3638
2389
3164
1809
4501
4196
4289
564
1775
2621
1725
15
367
4136
2814
218
2742
3555
4935
4469
3679
3853
3675
4033
2003
4239
3438
1682
4524
4858
3120
659
984
2351
2987
2106
904
2949
2586
4436
4084
2285
2054
1069
264
4851
2328
3205
1449
3117
1009
2888
4648
1956
4242
1025
1045
2211
3209
1206
3137
1461
485
2014
755
3039
2972
1167
3378
3159
2994
1625
2141
4822
2017
3068
4495
1262
3091
3954
4421
3905
2336
4055
4772
1338
4400
1715
3723
4439
1787
1938
4756
163
4901
2026
2647
908
1849
2101
3636
4039
654
3984
193
2657
356
1741
4813
575
1483
4379
2988
1246
2277
1663
1992
266
3733
3562
1284
1171
2878
4125
2313
489
1355
109
590
3466
182
3832
4612
4113
2602
4564
936
1685
3901
3249
2174
3858
2283
2286
2556
293
2583
3745
2375
876
3501
2891
2338
2563
4774
3711
1996
2989
188
3195
144
3448
1687
2555
1234
3798
3536
2565
191
681
3386
3670
3574
3680
4893
3734
2895
3239
2800
971
3268
2741
1593
1128
1595
1613
1690
4019
2575
776
3576
1697
118
3021
254
3189
3361
4869
2261
2665
685
3124
637
2091
1190
611
3300
2710
4492
1
1213
3642
3718
1973
4638
1494
323
3153
2131
1409
812
1414
3523
3524
3971
413
2199
277
2408
4896
4168
2069
4981
487
2195
3106
4353
2057
744
1077
2932
1126
4374
1901
4201
4950
3437
3227
822
1948
4923
3410
2554
3013
4282
2920
1788
1720
1984
2405
3275
560
3962
1565
4120
3473
4384
1268
2918
79
584
877
3048
2980
2551
4971
12
1749
1664
4270
854
4311
4931
2324
3202
1837
4217
3057
4898
365
3372
2018
490
2220
48
1922
2260
1238
1002
0
1368
2867
4477
4885
1581
3330
2507
3634
2373
1448
4186
4171
2858
2097
4640
1688
4453
3411
2208
392
4200
2153
1442
4203
1811
4519
3864
3887
2265
1649
705
2709
4891
2067
2011
450
1872
1496
1421
708
3854
2615
3139
1850
233
453
25
2644
3760
1151
4720
3922
84
2306
2166
3821
2762
1334
4925
168
1295
4688
2966
1937
4227
999
4340
4841
946
3952
2397
4355
978
4100
1764
3701
4160
2415
2578
861
3420
1776
3763
261
1536
4404
330
1848
1197
2567
2672
1647
1384
2811
588
2593
4358
1089
4602
117
1072
2512
2675
3002
2201
3590
2789
2844
4707
1328
809
885
753
4166
842
4507
472
669
3458
1205
2722
3983
4793
4250
339
3044
3929
3651
2259
4180
679
1124
37
3302
4574
4211
2577
4359
3993
366
3705
726
1051
3270
4488
3197
1920
3689
2652
3374
2395
4281
2329
4974
2841
3771
1210
2343
1881
3460
1055
2922
3232
3883
712
1859
4962
3627
4518
3935
3611
1088
1099
535
3457
1054
2402
1571
3682
3695
2147
4314
4850
2799
251
3921
1723
412
3294
2692
3596
729
3955
1478
4198
4061
3583
4914
2952
1792
4675
3283
8
1427
1622
847
4731
988
1577
2876
3577
4562
4286
49
1759
2951
1879
742
4548
955
2630
281
4565
3332
2474
3602
2436
2686
1963
3323
1502
235
4194
2880
3085
2641
1189
500
2463
3281
4976
1000
3757
1958
1949
155
2450
326
2440
1965
2681
2419
2527
1596
3545
4699
737
1927
3303
2904
40
4788
1073
3492
3958
1074
2570
2717
3749
4870
4584
1240
4966
4563
2777
2403
4557
3100
3706
4946
4409
1612
1239
1503
1405
3906
2299
1394
202
1410
106
368
3313
2232
1773
4636
699
4619
4938
4581
2287
304
3924
1906
1562
3375
3635
4440
4240
2189
4053
791
1751
3056
3657
2608
687
674
4947
686
510
2950
89
1443
3747
4781
754
2520
824
2689
3481
4262
1366
2288
4412
4121
3731
98
3601
4140
804
1600
4690
4193
3946
4973
1312
2905
3947
3937
1416
137
4318
4277
2298
1068
2231
724
4542
3630
3786
1735
1873
28
4722
1511
991
1763
4533
2962
1668
1617
1987
4801
404
2060
3926
4982
4151
4678
250
608
1918
6
1005
2094
1457
3660
3598
2010
1361
4335
1704
157
2255
1178
3662
1396
55
4199
692
2787
2746
1114
664
2766
540
2221
506
2852
38
4237
2382
4161
4908
1786
2326
3721
143
1209
649
2162
3027
3778
3415
400
423
3847
455
881
2090
3405
1921
1789
2099
2268
2719
4221
3647
4945
1026
3310
1908
4987
1904
720
641
2165
3459
4174
1224
4279
4642
665
3909
4399
4042
3678
793
1027
1627
2445
4246
4049
909
4816
3551
3212
60
61
2624
546
3726
710
763
980
1330
4305
4608
4670
2589
2947
2209
3336
1824
548
4085
905
3996
1826
2711
1858
4067
4718
3968
3789
1488
3359
2333
1425
1304
3130
3899
680
2971
676
2471
3960
1146
4127
4666
2137
2465
2447
452
996
684
2049
3083
731
247
3050
4814
130
1683
1243
764
2462
2930
3506
460
3216
267
3318
2915
4080
3604
349
4064
1329
895
4466
2072
3752
4419
1339
3963
1632
1935
2916
4387
631
2152
4539
1808
1227
461
2016
595
2228
1400
351
4540
4414
3267
4393
2525
4677
1553
4577
2015
531
3011
3885
663
2421
3903
1669
3648
4322
2521
2272
2274
2616
916
675
4157
3107
3096
2292
3950
922
1187
298
3549
4474
652
4948
4022
2683
4975
2249
538
325
2269
2082
4917
3443
4451
2180
4462
4275
4423
4010
1557
2976
3639
3908
2414
4449
2514
2879
4729
749
3818
4525
2331
3287
320
3542
1248
3099
599
1112
4045
2319
1319
4535
2262
3881
4659
4961
2808
2927
1911
4444
3751
3997
932
2934
823
3712
3592
2506
3145
26
3690
3739
2728
2290
1665
4964
1139
2083
4337
2818
709
1695
87
894
3535
3569
4755
1300
2359
4164
3087
2802
4089
234
3912
865
4667
1831
1103
3792
867
4632
2769
848
1082
2598
2344
1440
3622
242
1628
2046
1031
92
3949
3101
773
2401
2773
231
4911
3938
1506
2696
3306
4301
3969
3982
2256
430
1011
886
2860
82
4856
348
1510
2134
4333
2674
3333
3277
1282
803
303
3939
199
1891
1525
244
3292
2632
1635
2549
2846
1834
2366
3805
1136
200
1783
4415
3026
1359
834
2668
1094
4131
1838
2622
4972
1539
2884
9
2084
657
2831
3842
3840
1275
4097
1137
274
3338
4766
2363
4068
1517
1548
2658
1430
3206
3843
1820
732
4887
2731
2998
449
967
1348
4133
2840
4644
2734
4491
4709
3543
1211
3342
159
4804
1795
2477
4050
4003
4832
3529
4302
4032
1161
3834
1572
3016
196
879
4486
620
4924
3377
800
1989
1431
3852
375
2619
2783
511
3141
1390
518
1043
154
3440
1198
477
2838
4175
782
1249
4111
35
189
1118
3226
146
901
841
1255
83
2968
3493
3207
3407
3262
1925
451
3219
1534
2843
2923
4809
1629
2749
883
2726
4116
3325
230
758
4771
3507
553
1432
122
4410
1193
2753
2738
4030
3491
3653
3918
4074
3340
4285
1880
22
2150
1761
2225
3703
4336
2839
1326
2975
4753
3617
4389
3581
4112
3046
13
589
3317
1358
1522
3614
2679
3580
3936
513
4899
4182
536
3547
3465
1049
4356
2061
1591
2246
3526
4378
4143
2519
1311
2388
1931
4606
4012
4748
2754
4219
331
1608
2919
4554
2990
4883
3548
4995
292
2365
2751
3741
3425
3732
4231
4595
1371
4368
2118
933
3531
177
2267
1897
2487
2009
525
1459
370
1247
358
1318
1495
1986
529
1083
3225
2543
4937
1528
3515
3235
2638
2128
843
878
308
3210
2472
795
4907
162
1621
571
2119
1375
4056
2133
3295
1513
2100
1736
4572
2080
1785
2558
4209
1476
4629
4233
3123
3098
715
2661
4086
4846
3125
2240
3998
2999
4939
4202
2230
2756
1127
2642
1481
2887
917
4597
1320
382
2606
2942
2129
1327
184
4342
3045
280
405
1867
4432
2796
2979
1294
3797
2339
256
2523
2759
107
2688
512
3740
4284
74
3677
263
1138
3575
4360
2138
1101
2612
63
2653
3722
36
2194
2670
32
3250
509
2036
4998
2479
2280
389
992
3837
379
2581
3432
2810
2561
1977
4516
4582
116
3776
1050
3289
394
3820
1560
2705
3735
4077
4600
2040
856
4654
2929
1321
2409
3422
3041
1474
4514
1451
4380
2215
544
3966
2006
1143
4626
966
2724
285
3527
502
3131
4912
3925
605
2278
2618
3877
4957
297
1604
3005
11
1471
4662
1181
2279
4274
2633
1012
4122
345
1909
2459
4993
976
4283
4724
2170
2649
4316
2386
1040
2637
4833
821
4448
1915
2969
2243
977
3160
1959
3017
2168
1818
2025
407
3730
517
2553
1382
3162
2822
4446
3049
3831
1419
4674
2954
3351
3707
2715
1519
2374
2806
5
4163
3914
1281
1926
4300
3478
3349
4620
4434
2327
499
3855
2448
3775
1117
3665
217
4645
4184
1641
2626
4347
3699
3719
2185
1485
4326
236
3520
494
4498
4520
2564
4867
1020
1882
3192
215
160
4228
1047
4838
2534
3582
90
1863
3616
395
2353
2959
2662
3888
2552
2400
4181
2509
23
2247
314
3934
3214
2813
1155
2140
3418
3714
2456
286
3008
2893
4798
4509
438
3119
1484
2042
2725
4625
1618
1985
2909
4878
923
1141
211
1580
241
2244
4482
4059
4310
1433
1373
1467
2785
4560
3664
2004
1582
952
4329
1964
4789
3400
1846
2873
2691
2092
27
2786
1946
4504
1944
1912
1220
3974
1966
3424
2529
295
4985
2820
4132
3553
4703
30
613
3142
4215
2883
3196
4165
3299
4611
733
667
2109
4800
624
543
4506
1698
551
4614
3429
16
3463
4894
1800
3557
480
238
3537
2609
3161
3497
4969
2012
1270
4929
4011
2702
3182
4734
1142
647
1497
1226
4273
4317
4743
1551
3471
1982
2452
4639
1784
4208
2684
850
2899
668
2685
3698
3511
2293
2791
1564
4230
435
3446
4435
1023
3243
4483
319
3886
4839
1919
1606
4382
4994
3502
2171
3505
986
3671
4799
2248
4918
3427
4513
951
1420
1750
1398
3444
151
2276
1462
436
2845
3709
706
3019
632
3521
3571
4290
4575
2029
2907
2216
4769
249
3352
2816
2568
3927
658
4573
420
4685
2192
3149
3673
3324
2603
3024
4503
4320
2432
1579
874
2594
839
3253
228
4943
1032
4546
4854
2669
1477
4676
4588
849
4381
4364
4361
2005
1619
1111
2156
1336
4882
3187
858
572
2164
1684
1487
1939
4479
935
4732
2718
1887
3284
1609
4702
1093
3633
4060
4502
2995
2744
1266
4493
4631
259
3484
1945
3211
3848
66
2886
1780
174
2120
3668
4304
2736
3585
3031
2775
4447
1168
3889
3421
4510
216
2157
1412
4480
3870
3297
2948
18
4694
4545
1928
614
1446
4008
1296
2422
1923
913
4523
4873
1130
3455
3059
2579
317
1391
597
2219
214
3296
1204
4651
2234
4082
1086
3200
2654
4591
3133
1271
717
3538
3579
1953
376
3500
4090
4750
419
2398
1006
287
51
4058
1299
3729
2149
786
573
2698
963
4476
2435
2902
4954
3570
3666
645
3641
958
4272
17
4177
4079
4029
627
4916
3873
2557
94
2706
2610
3559
1466
4847
892
387
4023
3830
4078
2779
374
3943
391
2480
2053
4210
1333
1436
114
2145
3754
14
3907
1110
2600
424
2066
2050
4148
598
4173
447
3155
2237
1079
260
1540
2604
3003
1042
2807
20
4000
4350
501
939
2531
171
3560
56
468
2332
4456
591
380
3940
2360
4624
4018
4158
4224
1588
3972
2985
700
1176
1777
810
3384
4296
108
1507
4313
3071
1724
953
3298
4485
3956
1191
4141
213
1166
3591
1969
1374
4561
1590
2295
3058
3271
429
1491
4934
2476
570
2690
2707
2760
2848
728
4325
1298
3280
592
4431
1930
210
3967
4390
4932
4054
2945
2664
4616
2316
2526
45
2291
1024
3001
1731
3345
1793
2587
1315
1781
1862
2790
586
808
363
4124
3710
4349
2798
448
3230
2611
1183
4324
1144
3876
3816
1407
3416
1857
1071
4463
938
4895
1434
1552
562
4936
2312
2028
1283
948
4102
1962
4717
4494
2233
3586
3868
2533
844
746
2825
2863
4
4860
4232
390
4671
4354
4425
4871
2541
1807
4204
640
2532
4420
3180
1309
2518
4989
2547
2545
2737
694
523
396
290
2305
3594
4288
4544
1942
1063
2991
4776
1845
484
3987
3795
1559
2438
4468
1545
4852
4889
442
960
1574
1413
2484
1760
3468
1561
2193
4751
4117
4968
811
2068
4865
3781
4205
4312
4647
4522
2191
1098
421
1036
3755
3272
3519
503
3865
2963
4027
1109
915
3166
3366
416
291
194
3158
2729
1878
2410
3879
1041
4593
2941
3767
3229
4706
2815
3094
4761
2956
2958
1465
2457
1028
3498
3228
4693
711
458
1458
1755
347
783
2890
2224
1058
550
3874
3223
4579
4853
1480
4428
1868
3869
4162
4672
3199
1245
2528
4433
619
1172
4725
2258
422
3312
2000
176
4823
1659
4999
3697
832
2088
4263
2614
3532
1343
3764
1709
4146
3787
2539
3637
1676
321
2037
4213
1747
4454
873
4362
3620
1325
2310
4955
2562
4730
1108
3435
78
3055
609
283
2881
2584
2470
4178
4341
265
950
2735
1705
3154
206
1378
4271
3067
3587
2832
2108
2823
1369
1766
1865
1827
4660
1605
1696
1914
2160
192
3136
3288
88
3113
1332
982
4430
3724
618
4689
1408
4692
537
3932
3959
2559
1095
1276
931
662
443
2678
1679
975
634
1084
2364
328
4212
3032
4229
4388
1851
1645
1844
3245
2371
3815
4739
4252
3063
4013
954
798
656
2466
3489
2198
1584
2354
2894
1454
689
4139
2896
2496
2437
897
3514
4478
3188
1008
2961
1968
4464
696
237
2761
1285
2126
1530
4886
840
4598
3667
2357
4864
2730
4919
1403
4527
884
3928
427
3040
2588
2372
4528
2254
2739
3157
697
835
1164
3607
72
350
1515
2750
3704
1365
2038
3023
1097
1492
3165
2752
3568
2071
4866
3517
2411
1037
4902
1317
3282
1586
2001
3961
3134
1541
43
334
313
4395
1841
521
3255
1289
2242
4185
920
3612
2503
3766
3988
4859
478
3441
3483
3970
4128
1643
4531
1598
929
3810
4915
593
3863
318
1516
2821
4828
3433
3530
3894
1056
2139
3824
1726
1057
2187
2473
1194
1029
1675
2571
4087
1638
2284
788
2516
1174
3042
4092
4153
4884
1988
3540
181
3508
2897
2202
1952
1733
3990
3109
197
3669
691
4879
3916
2926
4455
4857
4958
1646
1933
3129
3194
3069
3533
3348
4613
2273
3347
1896
1395
1527
1256
3644
2635
1813
4222
1978
970
555
2362
2695
827
3043
3964
797
3442
2059
2542
4339
3152
1624
1976
1212
4786
814
563
4134
2613
2033
1691
1810
3391
1498
1216
519
831
3354
600
3655
4308
4424
4635
1286
3822
816
3462
3390
46
3146
4552
4094
1769
643
3871
4991
2524
2350
1290
2829
2984
1518
1614
3806
3490
549
779
1639
397
3973
124
2912
713
284
4590
887
1217
4057
1406
1995
4944
1563
3978
3762
73
309
3022
1305
4041
4106
743
2640
4959
3875
1860
1636
1059
3911
3774
4088
2943
50
921
772
3174
3525
833
2378
57
4115
561
1505
4129
3643
1062
3828
2417
3727
201
4649
3783
3474
1035
4352
3453
942
721
1798
3827
1752
2184
1383
1308
2154
4831
3898
3376
2461
4749
2475
2620
688
899
311
4927
1779
3510
1954
2566
1052
3884
4797
1460
127
4258
3785
3073
4700
789
4256
3746
3495
2455
985
638
1658
1836
4532
354
924
3413
2659
3381
456
4892
4040
173
1399
1340
3184
2222
1823
1555
3449
2938
383
3846
1087
2095
1722
4441
373
466
766
1877
736
722
3450
1075
3095
3681
2776
388
1060
819
2376
1900
4176
4551
1957
7
1376
1438
3941
4481
2075
471
3772
1884
3089
4615
2127
362
1890
3251
3456
1113
1913
859
3260
3350
3567
2495
2275
3171
2113
4243
2592
1569
2320
1768
990
845
165
1532
2757
1589
4708
343
545
3439
2021
1874
1847
730
4452
3414
830
1943
4763
1140
4538
956
4001
740
4970
1673
4988
170
1607
2666
2699
4489
2765
1707
1367
4691
3077
635
4155
2241
3546
95
4980
3445
3436
3999
47
4817
2321
2429
2426
1411
4490
3942
1575
1998
3599
828
3401
3321
4280
2859
2663
2978
2073
440
1030
4098
3346
4266
3696
3252
2574
1895
760
2974
3860
1955
1732
2585
2420
2573
2077
3370
577
4371
1615
3684
4728
3191
3156
2070
2227
498
3628
4332
3589
4244
469
4521
3994
2481
219
2308
1854
1542
198
1774
1753
4442
3480
4953
2550
3363
2721
3817
70
1125
565
4637
4808
558
1899
1402
4405
2413
628
67
3353
3065
1064
3618
3694
1237
2970
1692
2399
1251
1445
3029
1701
1200
4669
3833
322
838
3148
2441
4062
2540
3485
1729
1603
2079
3034
1710
4744
2704
3128
4099
2836
195
1316
2645
4238
1323
2650
77
2019
534
2392
1499
2179
1661
547
1990
2439
441
4760
603
4767
3793
2835
2854
126
1156
2186
1689
2982
1746
2957
4568
4035
759
1081
2205
4868
2196
504
3469
3368
4740
820
4983
338
2781
1102
1018
3544
2489
1039
4517
145
1597
3693
4365
4002
3070
2349
961
508
4195
4197
3534
4742
4996
3431
1007
3339
1313
4836
2914
417
1222
2501
3015
3144
19
4192
128
1385
4719
3259
4570
2200
1470
2076
3890
944
2953
2296
4665
2643
4299
670
790
4806
1015
4372
2121
2423
578
3780
2431
2732
617
352
937
1104
4070
1469
336
3801
2819
1905
625
4795
4741
1362
2853
3750
4216
2596
1244
3892
701
2031
515
1929
1393
1616
3597
2967
3140
1885
945
101
3849
2850
4508
1833
4051
805
1700
524
3254
3388
1080
3791
2993
2723
1843
2334
4641
794
4346
246
3930
223
2714
648
4556
1856
738
3992
4260
3362
1364
1342
1377
1805
2629
1242
581
3779
2505
1711
3291
1869
4465
4223
221
3737
4802
1501
4711
4704
1192
898
1046
1349
4714
1739
371
2548
4594
386
3615
4655
2340
2743
642
1840
4048
998
4633
1778
2597
3595
268
1537
3933
2917
24
928
3122
4603
714
4777
2425
403
745
775
3179
4473
725
4992
3728
4291
1902
3389
4188
4810
3829
4921
1447
930
4791
1301
2317
1392
3895
4942
3093
2203
142
3995
1980
3656
393
1314
1360
3621
3380
4257
2335
4167
3674
4747
300
4072
2352
68
4276
3290
4063
3092
2499
2047
3518
989
505
1509
2694
3803
4862
76
1531
2289
3809
158
777
981
4979
433
1331
4422
880
2849
4369
1748
2384
566
4189
2747
703
949
3231
476
2940
132
1307
784
4897
4499
462
3373
2451
1169
1744
3676
59
62
1070
3266
3337
2788
3066
1967
3053
2944
3203
2458
2763
1889
969
4066
3550
2217
1468
3980
153
3475
770
2955
3686
3397
2939
4076
457
335
3163
2355
4267
3688
653
1207
1814
1655
2538
1852
1353
141
53
1252
2656
1153
3279
2337
4385
1324
3204
1544
3236
4803
4306
3756
2677
2367
2660
110
3461
2218
3454
1861
1742
3800
750
1898
863
2977
2051
2778
4634
2576
4569
2103
3761
4876
1003
526
4006
2771
2188
2039
1158
115
1150
4646
262
2347
4104
1033
2427
3233
227
21
3836
3850
1815
1765
912
3114
1263
1225
3334
3632
2369
2834
2595
112
3103
1699
552
601
792
418
1034
488
4567
2146
2960
1163
1129
3186
4650
3659
282
1066
1472
4904
3913
3177
4986
4487
3006
4605
4807
806
3025
2190
1637
315
2764
4036
3948
868
4726
3074
3395
4437
3896
1504
86
4269
3765
4541
3301
585
4391
4681
3856
4206
2263
75
2117
871
2911
409
1404
1721
3265
169
4330
864
4683
2639
554
2727
4392
2862
4872
2837
3917
4101
3
3556
4315
4065
4251
2826
1165
1611
4843
378
4909
1354
2851
2023
1450
741
1983
530
2687
4758
1479
1180
1670
2937
4796
401
612
2158
4413
925
2946
4812
4218
402
829
4913
1892
4370
542
3915
3115
4234
408
278
4705
91
1475
1821
3033
2486
3784
2716
1816
4723
2697
2175
1223
1341
52
4043
3215
1455
3742
97
3902
4472
164
2043
3341
4784
3891
2074
2748
4621
1264
1981
4604
987
2478
474
1835
846
1799
757
4735
475
968
1594
1512
2898
2508
3315
1152
273
993
3819
1297
3814
4152
406
4922
2114
4553
2774
2045
4321
972
1702
2925
4627
3304
2085
1202
1291
2444
2204
1010
3356
3452
626
1940
3224
2086
2590
4328
3035
1853
2782
3365
1801
639
149
208
997
3371
4147
3552
1803
467
4827
3406
4259
1547
4618
682
4226
735
1100
3062
4383
2206
3308
2449
3539
1013
1717
1883
853
723
1014
275
1566
2703
1508
4555
134
1182
3151
4149
150
622
1971
4906
4926
3451
1489
105
410
3116
1573
4108
4484
1257
2062
2383
1387
4156
2130
1441
4170
1122
4874
1258
2492
4107
4345
4096
102
3516
893
10
2173
3623
3344
1053
276
1439
673
1718
2673
2035
1085
4566
815
425
1772
2381
3193
2223
623
3408
3273
1004
1716
1388
3238
80
2504
1147
4069
3661
2767
1381
965
3708
4014
4684
4920
3790
179
4044
271
4017
4207
4775
3335
2875
4497
398
4459
3861
1017
3685
4663
4881
2906
463
1630
3867
4190
1601
4855
3102
1524
3190
3399
1274
2252
3841
4930
2892
1105
559
3183
2582
2900
2125
4402
2869
4951
516
1078
3357
4710
3880
2530
4821
2768
1855
3758
1201
4757
464
3121
225
3088
3897
2303
704
1941
1145
4661
357
4818
957
1876
1232
4214
209
1936
903
801
4191
4292
2801
2500
875
3503
3965
1021
2931
1693
316
3080
2490
3759
2882
2377
479
3105
1960
4819
129
1970
3649
4418
1444
3541
239
2172
869
3403
4785
768
1273
4687
4254
4123
2182
1686
2601
2301
636
616
2226
4713
269
574
1415
2793
33
3467
2981
4815
3619
113
1626
1674
359
959
4137
1272
4559
1482
2271
1666
2537
911
3247
2491
2928
1871
4457
3402
2394
103
4327
866
983
288
44
1231
138
4367
2294
4550
3000
3687
3866
3835
4135
4811
1549
857
2325
414
4293
888
1680
2116
3269
979
2910
607
1372
2136
2772
2257
3825
1714
3028
2065
4118
1529
4658
245
4307
4373
2513
2797
2544
2671
1644
3118
1999
3257
3715
781
4698
855
655
2877
4114
594
4394
4752
42
1796
4309
4073
3859
2871
1067
312
3857
2013
1293
486
1423
2380
3051
3172
1520
4837
1734
2497
2607
1583
1907
1839
567
4397
4407
4007
3991
3645
3910
3613
914
1173
2238
1972
2406
4511
1159
2368
3957
4805
1770
2983
3127
3256
1131
4765
774
1473
2824
3404
4679
135
3198
4411
1253
2868
3838
3513
229
4558
2625
4172
2889
340
2183
496
4610
3768
579
3394
207
3862
4787
203
3086
2784
1830
4021
4770
2510
3812
1535
2096
3385
4905
2008
1888
369
1357
2163
2485
1417
941
2032
1435
1706
748
1188
4537
947
399
747
964
1278
3217
1154
539
1422
3631
3010
4429
4095
1215
3143
3654
473
1208
4020
1932
813
2282
1429
3572
2693
307
4834
4150
85
3808
