7140
9121
1343
6990
2849
293
9863
3147
956
7335
1499
4786
8860
9851
8105
7792
6776
3787
2169
3953
5018
3231
7908
109
4690
9070
9911
4695
2296
531
8636
1347
2643
7452
8856
5762
9635
7931
3113
3196
8354
8423
2057
3805
1886
3117
379
1291
9135
4631
5002
3636
7646
4440
7320
5847
5059
1729
8631
2832
1899
1720
3507
5752
2075
2739
5711
7224
7179
1923
4352
7770
9411
8653
8047
9724
943
9956
1299
5117
456
7095
6917
9940
9403
8411
4264
9100
9279
9704
6891
7262
4408
8586
8985
2108
1487
6372
2420
7291
7185
2878
3410
3175
1243
9029
9812
1735
2888
9850
3843
8096
2920
7597
5386
457
9352
7865
637
4058
9514
3705
5154
6625
313
8441
8180
6142
2911
1596
1214
2233
8917
5995
2336
4488
730
2649
4263
2612
541
4636
1017
2345
7115
1238
6517
7227
5149
5879
3529
4644
8942
5397
4532
5663
366
6883
3739
6038
9459
6617
6402
787
9729
1658
9888
9272
8880
8686
9084
6516
1937
4840
6024
5556
8899
191
6386
1294
4889
2081
6257
3256
9664
388
6904
4007
5148
5512
9425
2795
6504
1225
3861
4080
881
3314
4124
7995
2714
1133
8038
7020
1922
165
2408
2961
4188
579
4929
2631
396
5674
6832
6807
4411
4662
2203
6170
797
1798
3758
9708
7658
1477
9785
9778
1288
1141
727
9110
5824
4480
4189
4243
4854
2784
5406
5015
753
9878
9080
9087
9807
8926
2637
8702
1638
3950
1271
507
782
8983
5891
6277
970
7331
5742
5986
2515
6496
8671
8843
1377
6950
1730
6233
5797
5704
4658
2107
169
6583
1139
150
4343
8030
4199
7828
6524
9558
7220
2182
1286
6283
4567
9105
3464
4861
2974
4434
1131
618
3321
4928
596
5484
1102
445
9550
7814
6574
7705
2083
2114
6750
4684
4406
8219
4282
9840
7040
2088
9457
9123
4992
3206
5200
6004
7552
5653
7409
9419
5038
9131
7056
4980
996
263
6805
4864
3261
7501
2497
7233
4338
852
8444
285
6830
4293
9063
9010
6488
3487
2797
784
7003
7614
1117
1969
2720
3141
343
9338
7671
455
6362
5898
3711
3235
8695
6374
4020
5401
3344
7105
8521
9594
5574
3936
4405
3390
125
9806
3359
3840
1047
9692
542
9035
766
6185
815
4702
5916
9300
6042
1242
3241
6017
250
9376
607
3043
9501
9382
4304
4855
8667
4846
3908
5613
3795
8445
9048
1340
6649
5763
2079
1768
2564
9408
6868
7446
4769
915
7852
2256
7469
9921
1744
639
4308
9302
2773
870
2385
1786
9199
7763
4156
2840
8925
5716
508
5405
7885
3212
9706
549
8779
9988
4678
2371
8900
2312
1763
3847
8076
28
1199
7202
159
8132
4101
610
6149
9399
6525
7146
1530
9798
5442
5115
2952
287
6851
322
897
4216
6471
2361
9335
2128
7379
7082
1435
9849
4448
1912
9891
8773
2534
4476
7731
3000
3287
5082
7905
1197
3120
9202
7249
2429
390
6114
526
8257
889
2661
7897
1344
6363
220
5089
6424
6815
1783
435
4581
3180
5841
3228
5533
8711
5753
3367
7738
2134
4608
777
9189
7678
1428
467
8771
9722
1202
2443
2677
9688
7747
5719
768
8446
5686
9874
3728
8652
8672
97
9372
3307
9026
8832
651
998
6585
3388
5599
279
5795
4666
9262
4764
3064
8031
3675
8490
3133
1209
7505
7795
7631
7910
9905
7487
6801
1781
1113
4868
8510
4737
1963
9804
6918
4574
8979
5272
3340
1948
4511
5121
3347
3202
8887
4833
2202
7148
3600
1385
907
6657
1870
6576
667
2853
2691
6056
9082
1880
344
865
9387
3980
439
2510
7097
4380
5634
1986
3283
4315
2333
5086
744
2951
7093
3904
6147
6587
7780
2216
4138
8453
2842
6518
1713
9446
6799
8525
5486
4222
8509
2058
9
4274
1582
1281
2090
9735
7640
3997
7326
5710
4796
9017
4942
8356
6579
5502
7561
964
6223
2949
2648
4127
258
3140
4078
157
9020
513
4691
3500
3363
6039
2001
3169
6687
9392
6447
1106
6975
1769
2436
4418
3651
2694
7558
6573
469
963
3949
5654
5745
6572
4617
652
6239
739
8009
3176
5870
7142
5734
6502
557
3098
5174
9682
2012
6379
9697
6648
7031
9490
1692
796
1535
7458
9795
8432
9120
3614
1894
4312
1537
983
338
4635
6158
3438
7009
2428
3556
6345
5214
3237
6520
5099
7955
8938
2351
5804
2499
8995
2563
3708
9599
1274
1999
8954
90
2409
1069
9386
3778
9793
1841
5438
5550
8164
9904
1717
3780
3563
4288
8099
2017
3534
8724
4917
4066
3637
9677
5233
563
2522
7827
461
9171
481
6199
8168
5694
5061
9001
909
7775
6406
8195
3591
7329
3488
8715
1070
4924
6132
3446
3552
1314
1231
3322
2496
1245
4649
3901
26
9936
8503
1096
2027
8750
1915
9549
1883
2048
4674
9499
7170
3414
8526
4659
1943
5880
6787
9972
1456
144
2442
5781
9227
7664
325
8707
6839
5340
4588
4810
9311
5679
8462
7182
6268
8569
3350
8173
7362
5772
9317
8736
7276
6595
7739
6814
9293
2416
7753
4735
1935
4166
914
3442
548
4849
7455
4522
6622
2908
6869
5535
8244
1258
3823
9714
2680
6342
7315
9214
3268
7750
8280
6749
4570
67
7023
7478
5930
348
622
3085
3335
6603
8846
6853
2162
8566
2457
7636
3010
4161
4509
288
8946
7616
2998
5947
5302
8109
96
8704
3716
1639
3029
3055
7065
5726
2382
8603
8379
506
6866
7256
8178
3250
1641
1752
187
4776
6963
3877
9733
558
1936
1052
9656
5463
5695
8543
9690
1124
2380
2307
4402
4132
2494
9178
3189
1439
7206
8699
6960
6
9478
6159
1360
9903
9033
9723
7024
2454
3799
3894
2520
8141
621
5197
2619
465
7489
4203
7507
2990
11
948
5514
1058
8508
9976
1404
7364
7745
2232
8210
7977
4600
1946
3040
7670
8065
8554
1270
7030
8801
5937
2303
6294
2700
7301
6512
2180
4860
5221
2262
2243
6798
1542
4311
5043
3754
5193
1459
5466
3492
5
4901
2186
9405
9761
7407
4902
600
1032
2574
34
8112
9428
7509
518
523
5623
6430
6695
2460
4326
1503
132
2944
5518
4963
9274
6349
3375
3893
7251
5873
8137
6889
7903
1386
2645
3792
217
2777
6882
5395
2532
5907
8970
5379
3667
5712
965
310
2955
7047
1756
9453
7199
8639
7398
8481
3581
3494
6592
5750
5262
1308
3080
7984
6408
4837
8556
5677
29
6994
5692
1434
800
8626
83
3912
2250
1189
7512
6219
4541
5590
7637
4563
5744
4593
9187
3200
6696
6183
5457
496
3381
2462
4974
3434
9538
9357
6500
3745
4562
5817
9742
3866
8413
3105
8562
3694
3079
2181
1846
5615
1311
7871
4804
5153
9019
2959
8071
1276
4407
3791
5992
5638
1303
5434
770
5246
6641
8317
4534
378
4785
8577
9797
5125
5447
2687
8121
8892
1369
7653
604
6050
5780
5138
4498
5517
4492
8298
6320
4255
1739
6940
7186
9628
736
1469
5455
2395
6893
5685
5924
3429
1569
9749
1498
1219
5877
5508
1955
485
6101
4780
8115
5461
8284
6194
2837
4839
8127
1358
6203
49
9647
7591
2929
6789
4356
480
745
6206
4321
3119
6757
2010
8057
9041
2882
4914
6652
4768
5888
8817
4878
9344
6624
2390
5819
7247
9322
4761
3126
3146
3186
577
5470
2030
6444
3648
9167
4280
7426
4268
4445
544
7888
3387
3376
9636
8416
719
7111
5000
4993
3897
147
592
3325
9254
5289
9732
8545
6746
4734
5994
1063
6429
1522
6225
4848
4489
6484
7844
9975
834
2240
8986
6467
4148
8369
7474
2709
9916
811
2712
57
3546
6833
6361
9881
5003
7464
6140
4220
7348
7991
9858
1455
2573
6188
213
2087
1272
5251
9472
38
6477
1564
1005
116
8325
5367
710
4165
6955
1625
1656
4052
8203
3578
1648
6892
5142
5810
6697
9524
5325
6931
2160
1802
5967
6037
8041
7694
6713
2215
1709
7519
1495
1357
4986
1734
4251
1621
5252
6974
2036
6083
2467
1562
3851
5794
9306
1399
5651
6105
1901
2363
1121
8204
934
3401
3781
6446
8684
2813
2999
3621
6850
5228
3657
1061
431
9607
5596
7200
86
9377
8770
365
3253
7717
46
7609
6306
9652
2179
7367
395
7749
5991
7836
326
2815
974
8597
8583
6381
1559
9698
486
8321
3125
389
4681
1544
6655
5019
7150
9359
6530
7969
1388
1874
3568
6184
5823
8020
742
5529
4877
4654
1418
2870
5926
4561
3480
7314
3377
3106
9561
9917
9398
5394
1138
2493
5239
6397
8073
1363
771
5033
5733
4095
1662
6112
5966
2004
7440
222
976
9933
5462
6694
9588
7371
5090
6329
832
3996
8992
103
6466
2584
1829
459
3744
3339
4576
1216
6676
8415
6756
87
2174
4109
297
8028
5934
8798
4895
7956
2975
447
3761
7427
2728
7514
8568
4763
4531
8914
5426
1067
9683
623
8106
5421
9247
6665
2206
1009
5107
9639
7875
7766
2263
5065
7684
5393
8866
9565
5483
4733
5594
2735
5505
9667
817
437
7817
3063
1375
6969
1738
8633
5632
7572
1013
960
2377
8759
7164
9587
4383
1554
7443
5159
9908
8452
8911
2068
2
4711
1015
7113
2979
9036
8306
5908
1322
2267
9981
126
6318
6826
694
423
4227
3210
9860
1705
8412
5842
3804
1416
3209
833
5113
2070
536
7467
8320
7124
3065
892
4481
4102
674
8304
633
8474
5715
5380
7271
3841
4623
8666
7402
4342
4693
2954
42
2817
4656
9461
3906
3511
8361
218
5024
4841
905
5598
6260
2681
9077
7337
418
5676
2177
7442
5497
594
5618
1920
7077
1607
3292
8944
3643
8386
4501
7760
305
8366
6068
8067
2269
6653
9634
4061
4327
2153
5242
4295
5224
7257
8053
2121
1335
805
3433
4551
3095
175
4502
7612
7225
7947
8560
9365
6448
9575
8625
5259
4668
5118
4843
8935
7163
5555
5327
3528
7669
2502
8895
6111
1016
5690
4660
2521
4375
8018
1918
7619
7473
5334
5172
844
1088
2085
2104
1627
9364
7952
2707
9870
5151
1064
8588
5471
7277
5683
1118
4478
4792
5532
9762
2450
1229
4451
7158
272
192
1336
2986
7604
6334
7488
4512
2389
7044
3618
3759
7611
1695
1030
2313
7584
9973
2123
7242
6205
2191
8698
8287
6057
8795
1247
2862
9957
5308
4537
9195
3932
9030
3023
5129
3115
8083
7570
2828
3324
5691
5291
8807
2512
1722
8212
5806
9485
1599
2099
2904
2197
1669
7479
2146
7397
1647
7117
9331
9025
4369
5185
8089
4679
9590
8587
632
3315
6000
653
6534
3423
1587
4464
4366
9249
3137
9753
2617
605
5196
5408
1255
9782
672
306
1893
8439
4415
4409
1085
7424
1914
3207
3771
3811
9179
23
1916
6708
4236
5983
2020
8755
2702
4129
5370
8337
5046
3361
8857
1823
6806
1540
5427
5284
7720
7996
8396
9265
1985
2546
3082
6675
821
185
5583
3243
3585
8716
6281
3535
156
923
9319
4100
4626
9555
374
7172
7737
7177
2317
4397
1414
8378
2275
5042
5965
2291
743
30
3495
6253
1804
6110
7515
1794
2227
3373
9339
2925
8752
9316
5504
5073
5791
3057
5122
8834
8048
2824
706
6685
281
6308
1387
4257
1591
1570
7416
7074
7606
2480
2868
3221
2329
2166
751
4467
2465
9576
6722
7793
5893
3531
3305
5785
1000
364
9482
3166
123
8082
4309
4239
8777
6704
6562
8147
2260
5565
4179
7445
7809
9014
6627
3860
1334
4739
25
6812
2279
52
9750
1448
6699
6769
5805
1887
5509
1419
5250
5022
856
8063
5048
689
7327
3598
4911
8768
2100
9028
5999
167
5569
3328
1873
9937
1666
7585
519
6405
3193
7081
6903
1401
6971
4885
8844
2501
1765
569
5956
110
51
8217
3892
7856
17
2212
3726
8477
4015
6870
4075
9872
9286
318
1053
8535
4827
7387
8637
4844
655
4137
7683
8152
4765
5551
1789
4034
5869
2415
9257
2733
4853
6097
3449
8903
3793
2474
5071
7771
9560
7463
9500
5285
412
6727
9255
910
3475
5949
2942
5662
5539
656
9673
4116
3530
8161
9930
602
2545
5381
552
1917
3185
2143
4027
4320
8610
9862
6522
9163
4935
3873
6929
1809
534
1330
1109
6973
198
4945
265
2071
4814
6351
9160
9658
8172
4606
7859
9657
6709
9811
7456
9233
6215
8962
7564
4487
3845
6700
5796
8440
8811
7680
2059
5822
4867
9283
3370
6936
8613
4599
3398
9474
6703
5035
1474
5100
2127
6212
4548
93
5582
7212
6492
2625
8500
7887
8207
4069
3481
8875
5906
9015
6544
9661
2892
6195
302
8820
4444
2706
4340
21
9832
6737
7685
2407
8270
808
4279
8292
7972
3306
3104
9532
3240
8171
9553
8362
9651
2175
1352
7321
1341
5878
3030
2417
6249
8893
4240
6575
5766
9143
5331
179
933
6930
7834
9348
5443
3888
5973
6786
4712
903
1785
3660
3251
1055
5095
3818
1645
2034
4223
3566
1267
9044
3412
3561
303
7221
4642
9418
2098
5402
8007
2896
7089
2063
8522
7052
6398
4573
687
900
9216
2354
912
7757
4419
9894
2636
7499
2981
3554
4057
8421
5085
3362
2793
697
3296
7102
5932
3876
1875
7587
9551
9883
8994
1174
4031
7001
7698
1126
1478
8628
4422
142
1040
2343
3674
2912
818
1208
2958
6793
2686
7316
5088
8322
8456
3078
370
9497
5422
4157
4741
5875
2037
3246
4094
9653
6464
6716
7516
5801
3981
6171
8022
6031
8951
336
582
3776
2049
9893
1529
5418
3073
6531
2060
2459
6817
2711
5364
2032
7459
5047
2368
1997
5614
4966
4151
4916
4988
7021
94
9586
9389
2129
7343
2367
1438
845
838
7904
5737
524
9196
1891
2447
5444
2850
2268
6476
3244
6400
1089
6924
8591
6118
7201
1737
5643
4677
1280
7534
9982
1168
6682
2391
5909
7377
9154
6772
81
5724
1546
2715
3915
2603
7441
6049
3229
4673
2138
8342
1098
181
4723
8479
9128
5458
5165
3775
1130
617
4325
985
6661
4214
7774
8799
2261
9042
4273
9772
3541
7028
6453
2530
4466
824
383
1175
1792
2324
521
4893
8457
5430
8418
5060
452
643
2358
1467
6462
9787
9429
7815
5743
7966
104
6760
9696
7100
8738
9129
3523
5314
2078
4238
2953
239
1833
2759
4996
3067
5589
4554
1116
8078
8107
1543
3245
6198
421
729
9431
2431
3862
7355
6495
1332
6328
4439
2144
1775
5681
9853
3018
3282
8816
1470
55
7318
8792
5183
1740
2142
5498
7472
4907
6331
9146
7395
4170
9967
4994
8394
8888
7048
9190
4454
2135
3965
102
7070
4006
3964
1422
3445
3689
4699
2164
6129
4103
7503
8964
9309
4575
99
3498
7076
4525
9668
2559
6899
7208
2652
6137
4816
7651
8249
1078
4426
6295
7036
2456
9689
8594
6332
2278
5084
3939
8281
1424
4384
8885
7380
3121
8417
5642
4087
3310
7087
7724
9074
7551
6692
2246
8116
2859
6631
5575
9241
1021
5560
319
7863
3682
7112
7147
9838
9194
1619
4254
1665
3418
6706
1684
7025
6896
6999
4128
9106
2021
7339
8958
1834
978
8973
9103
1024
2508
6863
6881
9071
2918
4705
7447
9278
8765
8659
6240
2790
5714
3081
7786
5353
785
7945
410
1930
1320
9090
153
6792
1405
9890
9448
890
5315
1228
6100
5576
3294
1301
1686
4614
8489
1289
8836
7730
1788
1072
6021
8294
7665
216
8966
9898
4831
2157
4395
5684
6307
3083
444
5787
4022
1683
7981
3940
5133
2505
2173
4589
409
373
4040
2696
1074
5096
7987
7524
4655
8092
9788
576
7313
1362
2719
7690
3943
2500
7155
2211
664
4612
6616
6385
3458
1576
2922
3084
2349
107
7295
2568
1615
9948
401
284
9925
2569
242
2065
4070
8054
119
7420
1373
2778
8085
5347
7846
8623
6744
2101
4618
1396
6064
7138
616
7805
5037
3012
1942
741
7675
6384
1342
7406
1261
7099
8947
5510
874
1990
3027
7330
9412
6571
4790
2760
1376
6393
7451
6546
7171
6827
9230
1071
5698
3448
1446
3208
2822
5876
781
1444
4745
7174
8896
4740
4297
7304
3681
6597
2339
3022
9508
2208
9137
3372
747
4651
2823
5271
4432
4728
5792
1830
9663
466
7932
5055
2855
6244
6991
1019
5650
4603
6178
4689
152
8916
9246
1779
9906
6030
1350
2062
296
4900
4281
8977
425
9443
3640
3954
9140
3384
2869
6303
8749
3088
1843
1939
654
9006
8828
8006
5531
4726
1480
195
4918
6442
170
8999
6035
6718
3978
4210
3952
1976
257
8087
5833
3111
6003
4758
1407
8133
5786
9064
4385
9409
6078
6890
9073
8731
8162
9569
5541
2658
9645
1636
6335
2326
4822
1436
9304
9827
3783
3559
4688
922
7869
3352
547
6186
7820
9113
2042
714
41
172
7405
2537
7672
2668
8754
2401
1432
4130
3474
4933
4971
1353
1878
3984
2043
4585
7002
8139
7935
2666
8208
773
9640
1056
1806
2781
3159
7066
6861
9334
1389
3670
148
6599
7187
2553
2125
8939
2889
6286
6638
8746
8027
2222
6346
4192
1223
9308
5163
757
1081
4193
2899
6382
8604
993
6968
3181
68
2657
6394
882
4301
8494
5211
6204
4194
6604
77
6979
2039
6079
1848
880
8088
8167
35
4919
1757
4013
8969
1073
1292
854
3035
1667
8246
4182
5974
2344
4217
2539
6176
2818
4381
2041
8214
332
3463
5345
7012
991
1323
8930
4835
7563
1492
663
968
2675
5021
69
84
76
5120
7661
6144
6981
7214
676
6108
6976
5215
6313
4579
3913
2523
9886
8128
4743
9547
5253
8150
2273
3629
9873
3097
3061
9929
4932
9369
1218
951
1547
6679
6104
4869
3921
106
6388
9237
3091
5558
6558
6461
2836
9268
2205
7797
8530
5452
8185
3624
1501
1644
339
3334
1087
4105
3923
5564
3054
3114
6237
2155
3656
7716
5481
5074
1926
9097
6995
1836
565
3992
8400
377
2404
7886
6162
5077
1105
4389
2255
9566
7813
6181
5602
8575
6978
8694
4744
7849
494
6410
7959
6002
199
1011
5041
4348
5112
1984
9945
932
3558
9438
4803
171
7686
4224
731
5168
7152
1612
7842
5972
8278
131
6023
9570
6250
8730
8902
2650
1726
6016
6894
1793
6480
7840
3532
4260
3405
712
1127
1312
7328
8266
79
6276
3779
9173
3748
3701
8387
4767
9699
748
7204
5821
1182
294
3004
4633
4164
3935
5377
9666
3005
5296
1773
3970
3382
5124
859
6202
2745
3039
3502
7666
8501
3452
6834
3356
4675
1736
2810
1600
8237
2646
2477
5979
6735
6401
5030
5882
1068
6828
4630
8197
14
3580
7372
3348
599
6238
5266
9848
4871
5352
5658
7432
7127
5946
4119
7699
4296
7120
8145
688
6647
5559
4807
2064
1361
2375
3019
3966
7562
4018
3772
8391
1750
9740
9252
1302
4125
3884
9669
3891
206
9958
2893
2008
5013
476
8706
441
5562
3720
3049
5987
3447
4196
3127
4246
9583
3198
6040
4640
7667
7601
1504
3688
1685
1865
5348
5063
500
5140
5844
2769
6060
9748
5157
9491
8470
9078
4136
4365
6347
8174
8980
5838
1643
2607
504
4682
9582
5790
3755
704
3573
7891
5487
8328
9564
5181
1285
1824
5886
8579
7728
2066
1687
601
5420
5920
1177
6207
585
5306
2115
9294
9117
7892
4190
9273
9859
8420
9002
2808
4923
4392
2199
2131
5051
5839
5962
6581
4139
2599
1927
1511
8129
8882
2841
7053
699
4838
5516
875
9869
9695
8596
6168
4106
1571
290
9598
9205
4587
1103
862
7236
8368
4627
8414
9939
1949
9177
4494
7744
9467
381
8110
6081
3002
1605
3816
3195
7577
9527
1661
8727
9876
7689
8592
6242
9726
2943
7535
2490
7231
5167
2585
3958
3236
1180
4450
8202
6986
6440
1044
6211
3927
8863
8524
3898
118
4446
7297
1338
6748
5388
3264
3522
2830
7857
2132
1036
6693
4875
4521
1346
3693
8331
7215
7899
5675
2967
3007
7054
78
8090
6771
4477
8859
7779
4153
6117
7121
4208
2927
6006
5225
4090
3258
776
7735
392
454
233
1566
4358
3045
2170
5081
863
2639
953
5897
406
8972
4979
1415
5204
6781
7715
7644
5860
4507
5460
7189
503
234
3956
9256
1581
888
9296
4187
2314
5815
8786
7064
9095
5826
9783
6864
7740
7752
756
3254
3353
3197
883
4973
8404
4347
458
7403
6875
2130
9138
8062
6537
8235
6541
8793
3204
4232
5933
5490
4809
7072
9045
6821
5414
7742
54
6935
4927
5028
3457
5903
9340
8580
3516
1099
7229
9962
962
3402
716
4198
5758
2453
5970
979
3360
9166
7035
3825
7943
2982
6542
9086
3947
8889
4035
8467
1354
665
5179
2556
5834
5626
9529
7909
5158
7114
1649
227
1411
4524
4601
7037
9907
7207
8289
6702
1445
3430
7768
5116
8433
5803
9367
5472
3524
4856
8690
2281
5389
9261
6770
5902
5160
4428
6559
5313
8491
918
3514
1246
6510
491
2540
780
8782
3604
9630
6533
9136
5476
564
8766
8130
2919
6404
6146
8488
8629
6271
1896
8454
4883
6843
3903
6684
2178
499
8288
5836
2432
9055
4773
311
2489
2289
3547
510
3917
6255
5146
1348
5416
7006
3725
5659
6777
588
1885
6417
3444
10
959
6265
1844
7260
2560
8553
3910
5929
6944
7949
8537
5672
3422
324
634
8449
1273
2665
9808
7582
2903
3538
9790
9280
2072
3803
9910
1689
941
7839
5570
4772
5942
5198
7708
6251
986
1995
203
1813
2190
6166
2881
8080
7925
6908
5586
628
2623
5230
2105
5854
8165
5372
3782
3663
4088
3642
5793
6596
8624
906
3309
2449
2112
7075
1868
2724
9016
8198
2350
2717
5595
2906
9792
1119
8495
4230
846
1668
2965
5477
2915
5281
7555
6513
7067
5292
1555
4736
6630
1328
4940
5143
2932
8224
3496
8437
8282
6343
2558
2461
7701
4120
117
1104
9109
3762
8950
8965
3493
9675
2945
1558
3465
4275
1847
1817
4213
5874
7238
2594
4200
8410
9909
2141
3699
7838
6719
8761
3605
629
7090
1635
7841
372
4970
7976
9963
8468
3017
6862
2804
1039
9934
2022
5630
2302
684
2674
6438
3907
5188
8883
1122
9710
7523
31
5219
1611
514
5171
8227
2596
1657
6736
4888
2669
6768
1107
2718
4062
1380
8783
3924
2150
8886
3076
6073
4616
1450
7496
3710
8055
6224
2731
7423
8963
3205
6939
5649
8725
5152
3800
7510
8458
6432
105
4374
9170
2468
2238
2931
2644
6046
4099
9642
7092
4017
8705
2137
5069
5680
8251
8757
3136
7153
7568
4060
3036
3220
7063
9526
4234
7436
6005
7366
9971
5273
9987
1476
6472
5939
1170
4625
3100
8297
8608
4876
6034
2244
3188
3122
2755
5247
7713
2167
1814
4961
764
6134
8357
1573
3989
554
9830
9711
9065
4047
5862
2980
2165
4479
1484
6895
7391
7389
7624
1018
6905
7083
9183
9617
2693
7485
7218
376
5371
9764
4795
6366
7073
3358
2758
2746
2642
3215
2615
3066
638
498
6135
2845
3131
7927
1618
1655
6844
9162
9573
7493
3613
9374
1205
6663
4789
8070
2040
8619
4596
7975
4442
6528
2464
6324
7428
5264
2583
8191
8960
9118
6856
4938
6942
8780
8498
5049
1694
5243
5212
4399
4443
9476
7034
1076
3661
8060
4313
3777
8329
6547
9406
4944
6941
4847
1468
2655
1359
8131
7803
1659
7530
3623
5255
1381
72
1608
1959
627
8430
3265
1782
3810
1491
7433
6234
3416
6483
9865
8091
8650
6885
2210
2905
6715
9771
3427
1212
4908
4629
2593
6923
95
1972
9519
1510
4416
7901
7267
2282
7751
2140
235
3684
9754
5195
9611
4462
6608
1801
839
995
3032
4350
5180
8735
5415
3139
1700
2779
6299
5964
3752
2309
3149
4620
8206
1220
8122
2437
3454
2880
2434
2632
5768
7253
1593
2692
2152
4270
1900
5699
269
386
5067
2962
6552
6062
8549
74
5130
8978
1964
4145
4953
904
7378
8570
7351
8098
7679
636
3397
2549
5093
124
3068
946
1679
7603
7486
5363
6107
6867
9394
6584
7122
1165
7345
2069
6370
2744
5501
4503
5162
1853
9175
2872
952
9822
1523
4204
6948
6848
9003
4905
9253
8981
9149
5114
8606
1548
8397
9223
6312
1194
1719
1129
3911
3655
3170
9751
4499
7648
1227
2835
6957
3260
4920
5581
7968
5254
4211
8074
9927
6902
5543
6090
2145
1526
2094
2582
3162
3485
7317
4079
2518
645
583
921
3836
1440
614
8646
6503
3440
7408
403
4707
2370
1895
4331
2879
8040
6119
5304
7870
8550
7719
1293
2742
3977
3327
3320
9920
3599
1680
6173
7180
8473
2618
3173
48
1617
7096
8114
114
1954
70
3731
8443
4328
6725
8918
5227
1112
3625
9965
3537
280
361
8475
2341
8243
9455
9292
6340
5127
9835
3520
7522
8279
9765
8315
5656
4169
4294
6359
6092
5528
6124
6790
2511
6873
3562
8463
3849
2776
4915
6278
2159
5147
2567
8691
4995
3589
1595
5269
2384
8136
7889
6463
2264
1203
426
9395
1967
702
4351
5050
6662
5412
8120
5123
5007
2507
9504
6782
2214
237
886
6732
939
5238
4141
5523
3702
3794
4825
9970
7574
9475
5036
7250
2478
7743
245
3482
9679
3184
3413
4371
2251
8505
7941
127
4093
3470
474
8796
8819
8804
9562
5765
6454
5912
8186
357
5330
2890
1869
7621
5915
2353
8822
1924
270
8585
9990
8326
8066
6854
4205
7284
6419
1370
4335
6962
7915
4793
1004
5209
4529
658
7707
8739
5963
9127
8879
4862
2218
7062
3217
8909
5553
8772
4555
9108
3881
6099
3233
7921
4361
6459
7595
7057
6441
5981
5280
4039
8734
6059
2376
483
4802
2318
8398
4118
5068
795
8189
6730
9923
4334
2753
3548
5871
7042
7347
8299
202
7156
7673
4431
5335
8534
6549
530
8156
1973
6235
2383
282
137
3945
2544
4181
6588
7118
4144
783
7103
3666
735
774
5802
8003
1149
4394
7183
8538
4571
1992
6228
8471
7160
2972
9034
7627
6415
7851
9882
6209
624
8961
251
9358
8618
1640
4925
9444
6336
7011
5901
5940
6153
6008
3896
9112
9540
5009
1400
7264
1560
3763
7085
2093
6423
1590
9101
5155
5587
385
6548
8790
4759
8347
7334
6659
9819
7528
1725
1337
8794
8931
5166
3490
8997
3165
6913
8638
3822
3619
8839
7410
1524
8912
8125
8426
5723
4991
1731
5668
8154
9098
4447
3890
6847
397
3284
1379
5993
8927
3281
7123
4011
4787
9619
7532
8976
6916
2924
2605
9235
5931
8858
9321
3990
3609
4209
2124
8506
4071
9548
8742
4387
2421
4473
5016
7632
3042
3505
1851
3330
4912
1230
2188
5249
827
9456
5109
2948
6279
9614
4714
5944
9518
9221
8563
1676
5358
990
5312
1629
2727
7480
7471
5474
9755
2788
4652
9801
1810
8718
7605
9049
5700
9240
8546
8493
91
2783
1394
3138
3567
9821
7536
5282
1155
9649
1318
9815
4026
9133
2297
4607
9585
9654
7517
7004
8673
3937
7323
6729
9620
7462
5611
7098
8343
5678
4648
1132
1254
902
9713
4821
3649
9571
8541
2971
3946
8640
5921
2792
9211
8668
162
4067
1262
4724
8222
3455
5818
4729
6354
7617
3432
3009
1026
2369
5519
7682
5216
8465
4425
6871
8996
5811
6886
7139
5706
2916
6065
1125
6258
535
1505
8644
511
3929
6555
7149
9994
8274
6371
9282
752
6568
5201
4286
9363
9968
8375
6020
4669
3645
6122
8230
283
7845
3551
3610
9050
5346
7404
7620
3790
9574
4073
5927
2640
5671
7508
9242
1598
570
62
7290
9613
7491
188
5365
6598
9437
2019
1461
4950
3059
6474
4456
6063
8365
2763
1811
8353
307
5432
1128
1082
3289
7791
5468
8920
2816
9193
3124
9892
5798
8830
9912
4172
7615
1277
2283
1466
7942
8874
5489
4160
1449
6872
1845
2940
3439
2359
9991
649
2570
5813
5297
139
9415
8611
6837
9445
8728
2252
9460
2595
2780
4115
7130
8
8024
8867
256
2149
8425
6304
5904
9384
9210
5031
8000
9009
4976
9766
861
6087
8017
9299
2847
6761
7811
1996
2608
6972
4388
2894
7495
8487
6742
9229
5837
1561
9204
4455
7876
5464
4557
1714
4755
5440
3211
6739
4523
3093
938
128
1010
2213
8142
8662
4754
4725
6367
1173
4271
4267
6070
5205
9919
1160
1136
5867
5631
2768
2809
6333
9396
1549
3798
40
4922
6058
4287
7933
6858
6953
1198
4687
4997
8448
2516
4299
7240
5278
1701
4671
2204
5102
9867
3835
2970
4091
2653
6396
8789
545
4110
9054
9889
9021
5485
3870
4323
8767
7137
746
5333
6232
7808
8683
4104
5210
9989
9421
4401
4038
4645
9584
2604
3323
1704
5809
8837
136
7500
9784
4906
9371
5770
826
4357
3420
2365
3477
15
5557
3941
8729
6182
5547
3459
6125
2356
2337
6473
516
9325
8194
6274
3110
7159
2239
3460
8701
6557
2987
877
9075
3848
4977
6088
5664
6538
417
7144
8118
6755
7497
5336
5629
7132
8957
1402
487
5910
9660
9066
9458
2555
1837
4363
6897
8409
5814
8058
6741
2392
5527
9789
6728
2548
9589
4019
9469
6515
997
2730
2033
5079
207
9796
7918
7303
9922
598
9779
5360
2875
3219
4183
3757
6632
4438
1903
3203
7400
793
1316
4999
3718
1265
9842
9603
810
108
4364
5522
2295
315
219
7754
8461
7734
8216
9579
6840
4082
5958
5628
3267
2171
1724
2865
9705
1140
4097
8179
6174
608
5075
1966
4969
7381
8264
8393
337
1315
47
8864
3631
2294
7338
2485
8213
1355
8160
7518
6263
5865
75
8744
2579
5257
7656
5044
6288
3889
1244
5996
92
8046
9068
3107
8805
2874
4535
9174
5850
6297
6428
754
9712
3403
3951
2352
6887
7110
400
2321
4233
6314
3743
1637
4497
7710
247
1532
2340
7589
9361
525
7393
6563
3593
2187
434
2185
7706
1614
2011
8928
6045
3831
831
1534
5687
6738
3008
2562
5332
7721
375
2311
2322
1384
3813
2993
7988
1395
6567
4730
6970
5585
6226
4054
1490
9258
7165
1508
809
9284
2300
20
6353
2871
9244
8529
6919
7450
3013
1431
4791
9465
7837
6590
2732
9805
1060
3654
2774
2423
7126
7663
3467
2092
691
9104
828
6745
6293
936
926
3272
3177
520
58
4261
1583
6191
3883
2913
8124
3144
2201
9947
9926
7635
3192
1462
1317
7578
6145
8520
7854
9232
8827
9008
4536
1941
7422
9799
803
3354
3673
8303
7382
6489
1382
3679
2440
6819
2402
703
3393
8086
6611
9373
2403
8693
3337
6645
1979
3364
5730
1957
4291
2994
3696
7879
3379
2387
7109
2794
5859
8929
9567
1215
1284
2663
2926
1840
6152
1745
7437
2820
8344
8952
8756
3753
5413
4783
9024
5078
750
3732
1857
6680
5310
9362
5506
6773
1517
1213
5968
4468
942
177
4998
1803
6066
7539
1172
3103
3333
5137
3276
9115
6658
3971
4112
1239
2028
3277
2659
9507
6413
1390
9791
4873
1204
9629
7346
43
1862
82
682
4278
351
168
1049
2195
6043
8514
6822
6912
7576
7292
2393
1164
7928
5017
2280
7543
5244
4819
9043
6425
8622
7554
1033
3286
9287
166
2288
9745
8751
5978
6825
6586
2348
2089
1178
3714
4001
2609
5307
2525
908
9943
432
533
1906
6109
1743
7050
8293
6987
3616
1429
6330
4811
9198
5856
8590
9269
3453
7069
1513
3157
1287
5237
8884
8512
7168
3031
1410
4436
9671
4967
1235
4968
7547
3658
3226
1054
7520
3545
9521
6325
872
8377
60
8050
3435
9243
8676
8561
5526
7668
8802
4134
9141
7288
5774
4731
7804
1035
804
2148
6130
4453
335
709
7078
1114
1653
9480
2601
1423
4749
5808
7553
8012
2716
7298
8696
3550
1008
3671
2237
205
8806
6010
2286
1850
3627
4292
3472
1631
1037
988
3569
2486
680
8016
3544
3288
4355
9159
9941
415
5080
3709
9435
3383
6161
5368
427
3426
6478
5141
61
8295
2552
5935
3774
442
9275
1123
1820
4049
6705
5145
3041
5465
9139
5451
6767
3733
8363
5881
568
1454
2762
2703
8113
1863
7091
9747
3797
7896
8532
140
701
7600
9037
8123
5329
4960
775
8829
1821
7940
1910
2572
2444
798
6795
4881
5300
1898
7758
4959
8617
2495
5480
820
3167
8855
5136
760
4360
4910
3145
4008
3979
2887
5693
6639
3025
6686
543
3006
6800
6357
6106
3230
7332
6507
7265
5588
5688
512
6619
2782
7907
8484
8153
8035
4424
7718
36
7418
8374
5029
328
8486
6689
3476
3269
4149
2738
5739
3021
3766
3982
7482
1453
3606
9646
6842
2524
3543
489
22
9568
4813
7633
8527
98
3517
3491
2193
9952
9096
2172
1867
7989
4962
6785
8764
5835
6001
9659
387
5820
56
1392
4370
7188
5952
4706
9520
2917
578
4386
6951
2161
8654
9606
9833
693
4396
5328
7309
6052
7726
1159
7272
841
4742
2550
7141
2843
9511
3135
786
6399
7938
6808
5189
1693
5398
8338
2799
5361
5900
2414
9440
2277
1162
2306
1048
3394
5343
4569
4949
2891
2635
347
7916
4202
8898
6926
8101
8372
9263
6860
7235
5020
8428
1046
5403
620
8922
1249
7867
141
5689
9305
1879
9512
2800
901
9954
5746
6080
1200
5098
3662
5491
9743
420
8188
2796
8548
477
8787
7850
1953
2413
7190
3051
2330
8762
6911
2695
5190
1975
8982
9155
8558
8833
1027
9165
6566
173
5858
9738
9449
1533
8323
7594
6069
6910
9877
7119
224
8865
8392
3280
5144
615
4628
1083
4926
4975
7634
8717
244
9627
6674
6094
3213
8464
8720
8710
1003
6743
5275
1084
6933
178
590
4794
2024
1545
7059
7266
1269
8254
6758
7569
6580
4284
9219
8013
7999
2481
3355
5816
8998
4121
174
3751
1066
4621
619
1839
3967
4345
2957
436
2627
2566
8175
9027
6392
4753
586
9834
7978
3201
5324
7937
613
9353
1971
566
4021
3767
7732
4037
7812
9621
7824
393
6486
3191
2767
7293
2056
5782
3417
7043
7802
6570
8599
5607
115
7929
6292
7560
822
4186
3396
994
2163
2111
5578
722
3156
2939
5697
4482
3451
4667
2484
7263
4611
5660
1962
814
5449
3406
7898
8026
8272
2701
8228
6377
7902
9206
8262
5561
6407
8873
9496
580
4354
7013
8182
1134
9209
6157
9852
2366
8269
5511
5840
5206
1702
4055
3603
8894
9452
4801
3473
1097
7417
4664
4829
2223
4463
823
5097
9067
8234
8169
4870
2176
1383
2531
8466
9248
8205
6671
949
6458
8635
9397
5666
1675
3257
4484
4752
7650
5435
5853
1634
3806
4602
101
9354
1091
6752
3730
4413
2610
6289
7557
9502
1727
917
2803
3044
528
3735
2126
4367
6637
2119
4092
4185
5131
641
3395
7435
3483
5603
2543
462
560
7677
642
6437
5283
9678
33
4641
835
2641
1584
9902
4661
9674
675
298
6698
3703
6532
5984
9615
8225
8651
9843
1472
4948
1835
1188
8781
3641
5076
8349
252
3437
9410
6380
6992
9477
2463
8688
4700
5260
509
2158
6290
8093
5754
4225
9974
186
6600
7703
1907
9360
5759
6282
2425
7285
3425
7015
1471
2424
8015
3345
411
7622
6980
8034
5779
4420
8581
8826
334
7773
7060
981
5646
3123
6774
3478
7533
2086
3033
3419
9770
3150
522
2315
223
9151
9401
3274
7974
3867
4051
408
4298
9961
2690
9212
9509
4012
7289
4041
8741
4417
9494
9992
4065
5382
5619
8143
717
5640
6656
6845
5359
705
4083
4676
4604
789
4180
1045
5104
8849
8616
5725
2638
3749
8478
9986
9267
2821
1282
3462
5384
4485
1594
3846
7302
4722
112
1028
9416
1812
6487
9220
4237
5265
2528
349
89
4951
7429
7922
3295
7045
6015
7131
9510
3056
1489
7504
1919
1169
4277
5542
5627
2003
8068
9557
5538
4471
858
3411
6582
7322
7481
8612
9301
5494
1674
7529
3174
8934
3160
9217
9270
492
8450
6945
7794
9887
3456
475
7454
5316
4206
7431
7920
5128
2405
484
1319
4053
194
6521
8840
7866
4089
1609
9430
6791
2364
4123
3087
312
6852
8682
8061
6261
7106
9944
2221
5309
5621
698
8296
8176
9005
2789
5760
100
4174
4111
9914
6556
5320
9142
449
7864
7101
4373
4698
472
830
8336
4830
6252
9786
7411
3037
3668
1790
7971
1201
8785
111
792
866
8551
155
5851
2964
4245
3723
4952
5917
9539
4032
7294
330
3298
8308
7610
4530
9057
1512
2723
4646
3871
5338
595
3700
2598
9186
6350
4694
1306
1176
7145
1630
3880
4496
3686
2247
6660
8598
470
7825
5170
3247
707
8847
9083
2091
2590
5633
1166
6291
5741
448
5409
7873
6497
1043
3812
8447
1909
4663
1577
1279
6802
2936
728
6154
1007
955
309
3740
8531
7642
4834
4219
7484
6131
1268
1568
765
7712
8533
1796
145
271
8134
4981
2504
6426
9534
9473
2234
5789
3349
982
9208
275
2672
5176
2833
200
8523
8845
5475
6884
6779
8286
7970
3837
4108
6072
394
73
2487
3769
9051
5356
5057
806
9984
9643
8094
2538
7965
3072
6554
7399
3540
4513
2770
7258
4756
2577
8459
9977
6055
2968
7239
9400
3957
7525
3069
4184
429
8077
2310
584
6509
6179
7674
7946
6236
8263
8384
7246
4249
7807
1481
1241
4256
7376
8255
2133
3116
3216
5411
2741
1795
546
2705
7596
4865
4863
6435
690
1080
5339
6136
8600
3163
3389
2301
947
1290
2109
8019
438
3842
7521
7019
2826
686
5005
9094
7806
3338
1217
5428
3633
3525
6514
1956
4519
2479
2565
8968
9631
3639
8247
6925
8552
9702
1483
6810
5707
5378
5419
3863
3504
5387
1550
7492
6754
5267
9184
7203
9950
1473
3692
2535
5868
961
3615
1771
1079
2588
8821
3938
1240
4545
3707
4150
5703
4449
5925
4553
2984
1509
4207
8313
3158
4590
6364
4851
4152
1807
7038
5301
1660
5776
7676
575
2080
7461
7373
2136
4472
7506
7613
7963
8472
3400
7872
6358
3071
6993
3948
6116
6751
3690
9337
208
6829
4826
9545
2052
1989
7125
9969
3053
4191
2035
3109
5757
5591
7581
3916
5439
8492
3242
898
7279
7361
9542
8072
1518
7270
1797
8908
3592
9900
4751
2509
9156
5807
9716
9266
8196
2772
6526
2848
7799
2053
2526
9393
3112
6669
5103
6717
9880
9533
3263
973
5540
5488
6201
7167
3597
8642
6561
1264
8431
9528
1838
1677
8408
8200
6245
6167
3855
9313
887
7741
772
7997
201
8572
9213
3991
7342
2448
3858
7625
8518
7950
6301
2076
8905
2725
6460
1828
5410
7143
154
1206
9846
9122
6103
9522
9330
9290
3864
4558
8273
7957
5431
2000
3697
2857
8390
3026
1991
2624
2621
5025
135
6613
2016
3925
9114
304
1650
8376
8291
2989
1622
6949
9541
1507
3132
9215
5207
7912
3048
2902
3815
161
8719
5849
3844
2786
7358
3341
1514
6964
2861
572
2834
6175
4505
359
9752
2374
6880
471
6216
4547
5186
5976
8351
2935
3171
4632
3630
8301
352
5045
3489
50
2331
3588
9436
5217
9828
3635
3988
671
7413
3796
7833
7055
8193
3070
2734
151
1207
3096
3713
5641
2224
9592
3576
3497
6322
3628
1799
2533
3142
180
7599
7296
7248
9781
6067
6229
382
8656
7000
4886
6076
790
9224
8726
6914
3829
4265
9161
7176
3533
331
5357
4527
6714
6726
9897
248
1751
928
893
6947
1367
1457
1326
5218
9347
2335
3392
944
6961
7198
1111
1163
987
1931
6387
4154
18
6128
6946
2492
4586
5385
2151
3785
6928
7985
1974
4050
2029
4709
9424
4828
355
7470
954
113
7936
1224
3922
9314
505
2410
7695
6150
6139
5349
6710
6469
9276
1749
1527
3089
9803
8407
1325
6569
3385
9577
1579
8955
3161
3190
5321
791
1646
6614
5552
6095
3319
1179
6879
4247
1397
9380
4226
2470
2587
5918
5727
2973
5899
7930
3706
661
7360
8232
3014
4526
9609
1858
3583
7157
1090
5351
4832
229
1232
7657
8747
1356
1275
6368
4778
4782
8373
4584
7483
3129
2801
4362
5624
5696
8268
5263
7392
6901
7801
8850
5720
1426
176
1374
4072
3234
2400
7234
2670
1372
958
6409
3
4775
350
2411
6222
1531
7305
8582
3224
6605
4117
8158
778
6077
4904
7434
2754
7449
4858
3983
3441
9039
1345
9004
7191
3850
7041
4377
6027
5652
5990
1295
589
6977
6210
2900
8036
5150
4306
7216
7029
1856
7058
9847
7184
7592
7755
7071
2699
1759
6633
7980
204
5492
6628
1556
6803
6163
5568
2103
8539
6762
6989
4771
7691
3486
7465
2235
9818
2360
360
8852
3407
927
6011
9554
7919
3024
7628
6412
1393
726
7283
5126
4850
6511
9236
8685
3721
8647
4289
4884
6285
8814
1260
799
4228
8388
3278
611
8025
6626
3865
289
358
6788
5248
6433
7341
3914
164
1452
8335
6651
1552
9144
3128
8226
3300
6138
478
4068
6213
2156
9225
8528
1784
5091
4081
640
8791
1902
3130
2985
4493
1158
6753
9277
6280
2455
9454
9102
7973
9023
9203
1776
4719
6298
292
1933
8689
4378
5852
816
8135
1152
8823
3900
969
7527
3832
6075
5665
2928
9670
7350
6983
2412
5606
8033
6352
7979
9079
4339
2452
3461
5011
1780
7638
873
7853
5914
3564
2660
2805
5887
9826
8480
6816
3074
9856
966
4820
5537
3986
7608
2656
8011
3622
2406
2319
228
5274
7386
4242
6041
3326
2287
7010
3499
8632
5503
8340
3380
9207
320
2323
7923
8713
4639
1398
4269
3722
2895
668
7883
5006
4542
2194
1758
5777
4231
4800
6355
4349
8199
2192
9046
5584
2633
3225
4085
4552
8192
4896
9464
402
7818
2811
2051
1062
3899
6267
8319
2274
5861
9150
879
6874
1897
980
5399
7538
3973
8029
243
7274
3969
8670
8769
3653
66
8095
6026
1741
5728
9693
9845
8483
5604
1137
2483
5545
333
6835
6028
8155
666
8949
8163
3665
9687
4514
5549
7280
6664
3148
0
8775
4218
540
5072
2937
321
1892
6954
4897
1711
6192
4983
9132
2189
8987
1913
6048
7641
2678
3058
7531
356
1911
8943
8056
4122
4016
2332
9470
6846
1982
6311
5749
3586
277
4799
884
5536
6996
2045
6482
5988
5456
1983
2325
4591
4518
2122
7370
7697
6920
5577
7759
8485
253
3351
13
8721
9487
2748
7784
2654
2117
4143
2254
8513
5905
3555
5648
493
8149
1349
6836
1
2427
4779
3868
1652
4696
3807
9736
1908
4045
4495
4336
2007
3672
8002
6420
6113
9717
5894
9291
9855
9543
4766
581
6475
3046
9626
4427
5637
2451
3611
718
8872
3003
9601
7900
644
4638
8758
8253
4680
1283
2860
6120
7352
3998
8824
4685
7767
3601
368
9744
9404
7729
1671
9531
6309
7884
4670
6025
1425
5513
5943
5572
8184
6539
5857
1253
937
1333
1670
9153
7356
8399
3178
4808
9181
3819
9130
7961
2628
4954
2614
7349
5004
414
1938
1563
3238
4559
249
9530
2934
2259
4653
8584
6841
1148
7129
7696
468
5953
3512
3557
7181
1181
5202
8355
6266
769
2082
6560
3594
7300
8748
5070
4987
855
7832
1787
8482
929
446
6498
9439
502
9251
190
3999
9768
3503
9451
6932
9145
657
5783
853
7226
4936
5192
8634
6376
8991
8434
3047
7046
6383
196
3582
1733
7357
8665
9085
659
4158
9602
8119
5579
9946
5132
2422
2399
9641
2950
6439
1475
1889
4577
9366
2838
7210
4244
571
9434
1331
9053
8841
8385
9728
1642
9488
7639
6243
9616
5670
935
2054
9694
1904
7016
8151
5226
5223
3909
720
1819
241
4747
1588
2327
8870
4549
1777
5713
1855
3590
430
7858
6187
2802
1151
5573
4708
2498
683
911
4162
8574
9563
9756
2154
9572
2856
8940
4538
9759
4592
7241
4316
3676
4048
3526
6831
9901
5884
9610
2839
5612
6434
7005
626
2488
4146
5554
6180
5799
2722
463
7412
6115
6763
7765
2272
8878
8271
1945
1210
5605
1881
5950
9775
2067
1877
7282
9718
182
8516
9769
8993
9466
5997
138
4025
2015
9995
8108
3584
1578
8602
4539
517
4515
5644
3962
2844
8209
5507
5268
3828
9861
5064
1093
9600
7895
4990
4241
6712
2867
2386
7196
2055
1987
8936
6390
340
2230
7917
3506
4167
4168
7430
1307
2469
4441
9731
8595
7618
6449
134
4131
6543
8923
3034
7540
3620
2806
4874
6427
5390
2752
7325
2536
1762
6033
2708
972
3814
5845
8709
1029
1110
1723
5277
346
6493
7868
3646
2284
4398
2139
5645
4683
3421
7217
3172
7359
267
3346
8660
6316
1192
1135
6365
4947
2320
794
9935
3724
8932
6241
6164
8097
7310
1800
2225
9624
7498
3290
9192
4140
9327
1327
2909
5448
4250
7104
7542
9605
1020
9423
2435
3232
8897
5872
4197
6227
1190
515
6337
2854
3565
1304
3368
8290
6264
3431
3872
2586
6780
6636
9124
8853
8988
12
9483
8593
3719
930
2328
9918
2379
7032
6256
9047
5303
9341
9228
9441
4500
5318
32
4142
6436
6602
5032
3859
1191
3734
5975
4859
2831
1707
405
5496
612
7401
2482
1831
9648
2050
4400
2910
7960
3875
7788
9427
6403
2736
2764
5655
1603
2304
6811
460
3151
6247
2684
2305
8364
8187
5362
8381
149
9824
6273
9281
9686
3302
6220
6635
673
5052
3187
163
8740
4178
8658
160
8557
8451
7385
7796
1604
286
8714
9099
587
8576
4490
9164
3248
5454
5778
2710
5682
7374
6054
7954
4732
7354
8406
7785
8042
5194
5544
2698
278
7607
8733
6047
4817
7223
8215
3827
4086
1586
9226
9776
6127
1854
3077
7205
1144
8868
9059
5945
8959
1950
9951
7084
6984
8333
9495
6565
3270
950
1951
1408
8159
715
4643
1023
1185
3479
3108
3968
7544
5083
6731
3691
5062
871
4887
7162
4582
9323
8245
4084
7906
4163
6411
2933
9349
7017
7693
9896
6900
3612
2044
4036
6545
1626
3974
9737
9546
4353
4650
1485
363
7549
3669
5883
3838
1710
3199
7178
8240
2814
9116
9234
8352
4412
3542
6177
7602
891
8359
1664
7598
4609
5056
1259
7761
3271
4762
4903
8371
2433
5647
7967
4212
5293
5495
6505
9525
8177
9479
2997
6553
6051
7590
5437
6375
9734
1574
4566
8803
7319
2852
3879
9012
8669
9307
8051
6319
9125
8436
8921
1947
7259
7502
4718
9032
7161
5375
9980
7709
5761
7383
7333
37
6275
7369
5848
3293
9336
2047
7051
8318
5453
7299
4307
5241
9997
7079
5609
1747
8511
9720
4806
2248
4452
1050
193
6734
4403
8148
1150
7108
7958
7175
5669
6778
5521
4043
9239
8367
3712
7475
9310
1872
538
6818
8081
4024
9760
3436
9422
7049
5890
5279
8838
2766
9289
7388
7134
2074
6431
266
1153
1339
6084
724
6724
3995
3168
6009
646
2561
8559
9381
1988
5610
9593
5101
3902
6615
1849
254
4259
4010
9481
7438
9701
9238
1221
9420
6470
5023
5911
802
8774
2704
2077
482
8645
3854
1257
362
4812
7128
4784
6143
4930
8348
867
7252
6013
428
9516
1672
8005
8808
2956
4852
7466
7546
2334
4909
6369
4004
8788
850
7281
4615
5941
7994
9623
913
5220
3249
925
7660
5482
4469
8737
3560
6529
4594
9719
2897
6457
5864
609
1195
4550
1031
416
3304
8267
9180
1805
1708
767
2527
7652
9959
924
6988
8891
3885
45
8862
8657
9370
9076
9864
2542
5731
19
276
2819
9879
7982
479
2116
4757
6966
8211
3090
3820
2503
6958
829
8004
210
8663
5729
7275
3259
2102
4303
4064
215
8427
3469
6305
3386
473
3409
1042
8236
7068
7511
3273
8630
4721
5322
847
345
4201
5391
8818
7194
7311
7934
4738
7882
5235
7722
836
4341
3869
4872
8648
2120
5767
1233
2761
8242
3919
8438
2747
6341
4329
2551
3626
5119
3650
7286
7550
6248
1001
4866
7571
9297
8989
8037
9523
896
2679
6246
4429
6074
5592
7881
8842
9915
3318
9191
4716
3587
1589
8578
8620
7166
7992
9662
4457
6601
2995
295
6196
5111
5161
1101
1572
8800
9773
9158
3050
7847
4913
9823
4697
5954
1329
9231
8776
593
3933
9820
3918
8609
488
4613
450
4332
8941
1888
1211
9407
2771
2851
5424
6339
8915
9684
8401
869
8956
6133
2445
7588
3961
3519
3399
6670
3717
5773
1248
8345
9763
4042
404
7526
6200
6654
8190
2388
8542
7714
819
4972
5053
5058
63
4727
8327
3955
2245
733
6481
3944
7211
4030
6029
2183
7649
4379
6959
5092
692
9978
3179
2438
8032
9346
6317
9081
2506
8607
9489
9552
8948
422
4797
6321
9069
4879
8429
762
2877
122
7890
2220
3369
1437
4314
1610
5722
1368
7914
1816
2266
8504
5294
4516
7580
7261
9672
246
8258
3099
2362
8901
3011
7237
3539
732
4921
1538
1633
5928
3756
2475
6102
8334
6091
9503
1673
3513
9328
1703
6287
9993
1934
9999
840
8536
6594
7460
4276
559
354
1183
9498
6634
2292
1699
551
8144
8360
2113
5298
6775
5616
9618
1748
2978
734
4595
231
2529
5066
1842
5429
6898
7306
5175
2257
1970
212
3920
2576
391
8517
6721
8181
8350
7269
3299
2231
8732
2923
2580
8835
3788
9157
2664
8201
9644
6231
695
2992
3687
3194
6878
8261
1506
7368
7195
4098
860
6071
6445
9816
7353
1502
4978
3366
3683
3509
713
807
7790
3521
4989
5866
1296
1632
4748
3878
7344
2613
4760
8332
9315
1597
7830
342
3365
4028
9402
1860
4368
1778
4544
5423
3404
3311
8049
4173
7848
3826
6395
681
1613
9515
2947
1251
5366
6540
9638
3856
369
6418
1928
6607
4985
2969
4215
5001
625
9484
8166
4074
4984
2381
2883
9813
39
4113
1458
5709
574
3279
1557
8276
9979
3086
7874
1417
9492
16
1433
3391
7702
5831
7990
5337
5843
8238
451
6906
1516
7213
6523
2592
9200
9031
4890
2884
7647
5922
3466
5989
4583
2600
8218
6344
5469
8239
2991
5326
7245
1321
232
9817
679
1764
433
708
2373
59
7756
5240
5948
4533
3750
3052
5717
9119
4044
7778
8229
6591
2005
7586
3736
6126
1940
1278
761
9868
8815
8460
6323
537
9007
597
1929
183
9356
5788
5771
2517
6221
3075
2597
4318
8039
984
8312
5525
4382
5829
2293
7727
9680
4002
9604
2941
8784
1551
7993
6711
4461
6820
9774
8302
9841
5087
8341
4610
8507
6373
6982
3715
6606
2750
3536
6612
8300
1832
8233
5369
9088
2575
8014
5261
3607
3060
4634
8100
4946
1567
5601
9433
6121
812
2394
3317
5960
7192
2647
4882
6262
5027
8573
3015
4622
6683
259
9089
1108
5094
7776
4159
9578
2396
2147
8001
4597
7800
7575
6535
3153
6061
7232
9375
9536
316
6876
3677
1012
2798
3853
3942
4077
6733
3760
1654
4076
6550
6629
7880
9505
2983
9998
5290
8722
9432
7711
647
1298
1628
323
4934
7254
5748
6093
4715
6794
725
226
9691
4686
6465
1592
9899
5936
5961
6148
2228
7861
7894
3786
6165
5982
1143
8953
1115
3092
5957
8674
8220
7823
3291
27
9839
864
740
4390
738
967
2061
2765
6766
2963
7655
9264
7700
9746
7860
1732
3527
4774
3357
895
9326
7453
1263
1237
8075
573
5827
6141
7746
1310
7951
8601
3638
5830
2541
146
8975
7654
721
2749
9938
931
3680
2025
225
3930
992
7565
9829
9741
453
2241
6740
2200
1364
2907
6589
8422
7769
4465
4253
1871
6865
5756
1482
2106
5184
1488
7230
1493
1014
3227
2726
1770
8945
3727
2743
5288
7307
8260
274
367
1742
4046
8555
6310
4009
3634
6527
7088
2886
9332
5608
4290
2673
2946
3704
5546
8687
6618
8743
7133
5951
4842
9197
7545
5319
1184
4750
6018
1077
4939
7623
1146
2977
1365
230
9885
64
2308
7336
5344
3468
7783
184
2683
1236
9725
8753
3549
9058
5305
4147
2006
1980
6578
8305
9342
2863
9884
5593
1760
4248
443
9260
5740
6468
3729
3895
1623
5173
919
4344
7725
7494
1753
8402
4710
7764
3155
5258
8681
6259
556
4657
7822
4005
7448
9013
1420
4504
7962
7173
4506
8010
9052
9343
4175
5639
1575
8383
5828
9288
4805
8567
6123
876
3801
2276
3312
5245
7136
5764
1494
2611
9463
8797
527
214
9442
8910
3415
88
8117
989
44
5721
5673
4720
5355
5500
8339
8424
8389
273
2118
5889
5374
5139
2662
189
7425
8052
1447
8565
6036
9182
6012
5040
2713
9259
8641
4305
7384
2419
7278
3316
6217
4437
8904
2757
8974
8084
899
6620
4391
6938
6190
419
4346
4836
7018
878
2476
711
8854
1585
1441
4556
9837
5571
6378
6838
8069
9985
9703
8231
1944
4892
4781
1465
2751
5812
3515
2226
7913
7748
1716
8519
6014
4777
1406
3972
9271
6208
5775
1791
4894
5600
3518
6494
9802
424
7645
8678
7273
1464
779
1463
6824
6747
6443
8679
9312
3252
4014
1826
8924
3303
8890
9168
591
8310
3501
9924
9061
8102
2242
1250
529
6796
3332
3222
4126
8256
2073
2472
6681
940
8370
4578
5169
3218
2285
4430
7826
6082
1351
1486
6414
9513
5232
7080
7444
5341
7819
8877
2721
4310
8861
5732
4560
2441
7681
1075
8692
6915
5392
5895
1682
3020
6922
7390
9176
2866
9450
129
1536
5919
2253
238
209
9559
8380
5350
7414
678
4937
4891
8283
2622
4943
9650
1876
2184
8913
5567
7573
1864
9721
1528
1772
6943
971
6849
6690
4965
1193
606
2466
9814
4845
5106
4235
4770
2084
7877
7831
1965
4619
8382
9285
7687
2397
6491
630
5417
3934
1818
9134
5373
1981
8621
7287
5617
2829
1866
7789
121
1977
2988
6551
6672
9188
9345
1443
1065
1427
650
5520
6416
6230
6956
9072
6784
2338
8435
6302
3028
1998
3313
2378
7086
7983
4510
341
1746
2471
6156
8984
3471
1712
848
3154
5998
9596
3817
2046
1226
4107
4229
2688
9383
7197
2873
4898
5039
9245
1252
662
6501
380
7193
8104
4508
1222
1602
9111
2676
7579
5446
894
1706
9390
8138
4372
2514
8146
3765
5625
2357
539
1309
7810
2418
329
3424
1519
3508
2876
2547
8649
3808
2787
1541
1161
5026
4330
1300
8876
7762
5938
977
957
1186
1006
5622
7692
6783
8103
236
9700
3852
1142
5892
85
3378
8403
464
8314
2626
2885
3746
8655
8221
6921
8045
3577
4171
1409
353
7363
3747
6937
6197
5034
7419
4580
5705
4880
4704
5971
6089
8677
9597
6098
4272
6019
9928
5467
3214
7209
4982
80
7723
9351
9093
2591
7893
1171
6284
1413
1167
2002
8021
7268
9056
1718
9417
6985
6086
2606
4023
6338
5054
9486
6723
3329
5222
6909
801
7816
5276
1565
5178
8307
4665
8183
5718
9844
6270
9011
1754
9625
3695
849
5701
885
8455
1624
8043
5299
6508
5008
291
3570
1761
4252
4114
4133
4788
6172
7772
440
5441
4647
1580
6096
7829
1059
8309
7659
6269
7593
1993
8812
7787
8405
4458
4815
5234
2729
6809
6668
8275
6701
1553
7782
5959
8778
2827
6877
6998
3659
9462
7662
9091
6577
5769
8324
5955
2620
6855
9535
255
9318
9622
5287
3301
1932
3297
660
5182
6688
2458
6643
8967
6952
9757
2667
3510
9295
4319
7421
5014
5702
6451
759
3994
5863
755
1187
6326
7022
723
788
8933
9591
9107
1884
2491
5657
4376
8871
1520
8126
8809
2578
5563
9665
6593
5566
7924
6967
261
3685
561
9062
7008
2347
9966
6218
9350
1521
4000
7798
120
8497
3809
1681
3976
4433
5445
8330
3608
7094
2651
9955
4717
3182
3143
7911
9126
4435
2258
9831
5203
1120
3737
9537
3886
5751
6678
4285
5425
2630
7061
9800
9426
6609
4746
5473
4056
5295
9983
8614
2737
5450
9172
6764
221
4598
1774
4423
1767
7559
8664
8285
4637
8044
669
6907
5747
670
7736
4713
635
1234
648
3374
4404
398
9932
5980
8515
6927
1852
4692
7
7468
8064
7541
5524
7308
3595
3408
2265
3821
5636
2513
6389
3342
2921
4528
4474
264
6640
1827
7939
4543
3308
7964
7477
7781
1430
6456
7630
8316
3975
7537
6254
5108
9471
5270
9038
7228
1034
555
3742
3266
5164
5177
8643
2554
2013
3484
8023
6272
9355
301
4333
3833
197
4956
1479
1815
9777
240
2026
5923
9676
4
6691
5534
9580
3652
9201
314
3275
6479
133
3164
999
9218
3574
5311
1297
1371
8476
501
2825
4283
1688
2270
3887
9000
2023
5738
8990
399
4195
2217
9556
8831
4221
8615
7821
7513
8008
2864
9022
4823
4421
1766
2930
4302
9715
553
5478
8851
497
2271
1994
5354
6452
1825
8937
8544
9385
8745
2097
5323
9595
7415
7878
4572
5784
5110
6169
4059
3824
6315
8906
4546
7704
3183
8395
7396
6214
3741
2740
6360
7365
1451
2557
5342
3617
1890
6455
4359
6564
5755
1651
8680
4300
6888
3882
2616
8627
1606
7953
4517
3118
1041
5105
7014
1057
3450
7027
9727
9414
1715
945
8252
5191
2168
130
9152
3371
825
3644
4258
9866
868
7457
1145
6450
65
6859
8059
5530
2095
4266
975
5985
1378
9324
9857
9329
6499
5855
1100
6623
737
9730
1157
5400
7643
6422
4135
5736
9169
3632
3239
813
24
4565
3959
9544
4957
7862
9681
3343
4483
4857
3428
9388
6189
2791
5708
2229
4460
843
4824
1968
4262
2682
6193
3857
2901
7855
1460
4703
2519
371
384
2807
5548
2571
260
6677
8250
8111
158
8547
9303
5135
7375
8760
857
758
1539
1256
6765
211
1147
9637
5213
4475
268
3094
2018
8311
5825
7843
9964
5661
3255
3262
3553
6296
8248
3285
490
7998
9707
7986
1022
4564
763
532
5012
9148
7629
6327
4568
4317
2812
8419
6085
837
5208
6666
9468
3062
7688
3789
9447
7312
1808
6536
7567
5436
308
2898
2960
4063
1859
6160
1391
7116
5199
2756
1861
4177
1697
7733
2775
3336
1421
2671
9655
5493
9794
5635
2634
1696
8589
2110
9767
8442
9040
9875
2198
6155
1025
7219
5479
9953
5229
2846
1038
696
327
2938
5735
3698
8703
5515
3575
3931
4540
6673
1313
4003
5383
5236
3152
7243
3802
71
3926
7151
2398
4672
8259
3134
6490
9685
1601
1616
7835
1412
8499
6804
2914
5396
2430
8502
1086
3647
7107
2581
3928
8564
5977
8223
9379
2966
9913
1305
6965
9633
9378
4520
2629
7169
9493
3773
9612
3596
9709
5846
8140
6997
6300
1728
1154
1958
920
6707
300
2439
3764
8571
4486
9949
9060
749
1266
6519
2976
1961
1952
8825
3905
9996
9413
2697
3738
4701
9854
2689
7948
4941
6650
9780
7777
5286
5156
567
3001
1324
1721
2346
1156
2038
3985
9581
6720
5404
7548
9871
8810
2249
8848
3579
4958
677
9092
8496
842
5407
4818
2299
9809
5580
5499
1095
7626
2473
3830
6813
9758
3602
1678
6857
2446
8700
5459
1442
631
4155
700
9836
9018
1698
2219
3987
1366
7135
8907
6759
3839
8241
1403
4176
4410
9298
1755
4964
8605
8763
4955
2209
9185
5969
2236
4899
2009
3101
2316
1925
4459
9147
1002
9608
6421
6348
7944
9825
2426
8971
4931
1663
5885
6007
3768
6053
1092
7566
7556
6151
8723
143
2342
1196
8675
7255
4096
3102
8697
7026
5010
4029
7490
4337
851
2207
6506
9942
6667
1496
3664
7007
6797
2298
5913
2196
8712
4414
5317
262
5597
5433
8469
9960
5134
5667
8265
5187
6356
562
3834
3678
9391
1960
3963
1882
3443
7033
9333
7394
3571
5832
1051
1690
9368
1921
3770
7926
916
6934
3874
8919
1515
2031
1620
4605
5376
9810
3038
1525
8708
6610
8813
9250
8346
1822
8277
6032
8881
2858
6644
6391
5620
9517
9931
7439
6485
4033
4470
7324
6621
9320
4324
550
4491
7476
3223
5256
6646
2372
3016
2589
3960
3784
7154
7039
53
2355
9632
3572
1978
7583
7244
2685
9739
8661
413
603
4798
1094
3993
8079
5800
8540
8869
1905
6022
9222
495
4393
2290
2996
2014
317
2785
8157
9895
299
2602
1691
1500
6823
407
7340
5231
9506
8358
1497
5896
3331
6642
8170
4322
2096
4624
7222
685
6044
